TotalFrame,Time,DeltaTime,FPS
26642,0.0000,0.048233,20.73
26643,0.0000,0.048233,20.73
26644,0.0200,0.020000,50.00
26645,0.0241,0.004097,244.08
26646,0.0280,0.003904,256.17
26647,0.0837,0.055707,17.95
26648,0.1325,0.048828,20.48
26649,0.1838,0.051308,19.49
26650,0.2325,0.048668,20.55
26651,0.2814,0.048881,20.46
26652,0.3301,0.048697,20.54
26653,0.3789,0.048801,20.49
26654,0.4276,0.048702,20.53
26655,0.4763,0.048658,20.55
26656,0.5251,0.048796,20.49
26657,0.5742,0.049129,20.35
26658,0.6229,0.048694,20.54
26659,0.6719,0.049064,20.38
26660,0.7207,0.048738,20.52
26661,0.7696,0.048939,20.43
26662,0.8196,0.049965,20.01
26663,0.8682,0.048615,20.57
26664,0.9168,0.048589,20.58
26665,0.9659,0.049108,20.36
26666,1.0148,0.048918,20.44
26667,1.0637,0.048839,20.48
26668,1.1125,0.048900,20.45
26669,1.1613,0.048695,20.54
26670,1.2101,0.048911,20.45
26671,1.2587,0.048581,20.58
26672,1.3080,0.049310,20.28
26673,1.3564,0.048301,20.70
26674,1.4052,0.048800,20.49
26675,1.4545,0.049382,20.25
26676,1.5030,0.048443,20.64
26677,1.5518,0.048852,20.47
26678,1.6006,0.048761,20.51
26679,1.6494,0.048815,20.49
26680,1.6981,0.048729,20.52
26681,1.7473,0.049229,20.31
26682,1.7959,0.048585,20.58
26683,1.8446,0.048619,20.57
26684,1.8933,0.048730,20.52
26685,1.9421,0.048834,20.48
26686,1.9910,0.048877,20.46
26687,2.0397,0.048667,20.55
26688,2.0888,0.049126,20.36
26689,2.1376,0.048853,20.47
26690,2.1862,0.048590,20.58
26691,2.2350,0.048742,20.52
26692,2.2841,0.049159,20.34
26693,2.3331,0.048993,20.41
26694,2.3821,0.048957,20.43
26695,2.4308,0.048738,20.52
26696,2.4792,0.048419,20.65
26697,2.5281,0.048830,20.48
26698,2.5769,0.048804,20.49
26699,2.6256,0.048701,20.53
26700,2.6747,0.049080,20.37
26701,2.7235,0.048834,20.48
26702,2.7721,0.048588,20.58
26703,2.8209,0.048767,20.51
26704,2.8697,0.048844,20.47
26705,2.9184,0.048699,20.53
26706,2.9673,0.048868,20.46
26707,3.0160,0.048720,20.53
26708,3.0652,0.049189,20.33
26709,3.1143,0.049156,20.34
26710,3.1628,0.048503,20.62
26711,3.2116,0.048818,20.48
26712,3.2602,0.048591,20.58
26713,3.3098,0.049557,20.18
26714,3.3580,0.048234,20.73
26715,3.4068,0.048797,20.49
26716,3.4556,0.048778,20.50
26717,3.5045,0.048842,20.47
26718,3.5533,0.048823,20.48
26719,3.6019,0.048633,20.56
26720,3.6509,0.049031,20.40
26721,3.6994,0.048499,20.62
26722,3.7490,0.049559,20.18
26723,3.7977,0.048738,20.52
26724,3.8461,0.048398,20.66
26725,3.8955,0.049416,20.24
26726,3.9438,0.048322,20.69
26727,3.9927,0.048808,20.49
26728,4.0414,0.048739,20.52
26729,4.0905,0.049080,20.37
26730,4.1395,0.048991,20.41
26731,4.1880,0.048537,20.60
26732,4.2373,0.049249,20.31
26733,4.2857,0.048466,20.63
26734,4.3345,0.048814,20.49
26735,4.3833,0.048757,20.51
26736,4.4323,0.048967,20.42
26737,4.4810,0.048768,20.51
26738,4.5299,0.048832,20.48
26739,4.5786,0.048733,20.52
26740,4.6274,0.048820,20.48
26741,4.6763,0.048915,20.44
26742,4.7253,0.048922,20.44
26743,4.7741,0.048809,20.49
26744,4.8229,0.048863,20.47
26745,4.8716,0.048726,20.52
26746,4.9203,0.048654,20.55
26747,4.9691,0.048829,20.48
26748,5.0182,0.049040,20.39
26749,5.0665,0.048350,20.68
26750,5.1159,0.049349,20.26
26751,5.1646,0.048753,20.51
26752,5.2137,0.049066,20.38
26753,5.2626,0.048926,20.44
26754,5.3112,0.048556,20.59
26755,5.3598,0.048625,20.57
26756,5.4085,0.048694,20.54
26757,5.4572,0.048695,20.54
26758,5.5065,0.049300,20.28
26759,5.5552,0.048743,20.52
26760,5.6041,0.048836,20.48
26761,5.6529,0.048841,20.47
26762,5.7016,0.048691,20.54
26763,5.7505,0.048910,20.45
26764,5.7994,0.048927,20.44
26765,5.8480,0.048581,20.58
26766,5.8968,0.048764,20.51
26767,5.9456,0.048762,20.51
26768,5.9945,0.048930,20.44
26769,6.0432,0.048703,20.53
26770,6.0920,0.048863,20.47
26771,6.1411,0.049081,20.37
26772,6.1899,0.048774,20.50
26773,6.2386,0.048729,20.52
26774,6.2878,0.049144,20.35
26775,6.3365,0.048759,20.51
26776,6.3852,0.048704,20.53
26777,6.4339,0.048628,20.56
26778,6.4829,0.049049,20.39
26779,6.5316,0.048705,20.53
26780,6.5805,0.048897,20.45
26781,6.6292,0.048719,20.53
26782,6.6780,0.048814,20.49
26783,6.7268,0.048748,20.51
26784,6.7756,0.048799,20.49
26785,6.8246,0.049016,20.40
26786,6.8733,0.048711,20.53
26787,6.9219,0.048635,20.56
26788,6.9705,0.048557,20.59
26789,7.0196,0.049129,20.35
26790,7.0683,0.048646,20.56
26791,7.1171,0.048798,20.49
26792,7.1664,0.049306,20.28
26793,7.2151,0.048724,20.52
26794,7.2638,0.048698,20.53
26795,7.3127,0.048874,20.46
26796,7.3615,0.048764,20.51
26797,7.4101,0.048683,20.54
26798,7.4589,0.048746,20.51
26799,7.5077,0.048806,20.49
26800,7.5566,0.048935,20.44
26801,7.6054,0.048804,20.49
26802,7.6544,0.048928,20.44
26803,7.7030,0.048698,20.53
26804,7.7519,0.048827,20.48
26805,7.8004,0.048566,20.59
26806,7.8493,0.048850,20.47
26807,7.8985,0.049202,20.32
26808,7.9472,0.048679,20.54
26809,7.9960,0.048824,20.48
26810,8.0449,0.048877,20.46
26811,8.0935,0.048637,20.56
26812,8.1426,0.049111,20.36
26813,8.1916,0.049004,20.41
26814,8.2401,0.048431,20.65
26815,8.2890,0.048929,20.44
26816,8.3380,0.049055,20.39
26817,8.3867,0.048687,20.54
26818,8.4354,0.048695,20.54
26819,8.4842,0.048730,20.52
26820,8.5330,0.048795,20.49
26821,8.5818,0.048896,20.45
26822,8.6305,0.048647,20.56
26823,8.6793,0.048832,20.48
26824,8.7282,0.048866,20.46
26825,8.7772,0.049044,20.39
26826,8.8261,0.048831,20.48
26827,8.8748,0.048754,20.51
26828,8.9236,0.048739,20.52
26829,8.9723,0.048722,20.52
26830,9.0212,0.048927,20.44
26831,9.0699,0.048641,20.56
26832,9.1187,0.048824,20.48
26833,9.1677,0.049067,20.38
26834,9.2166,0.048914,20.44
26835,9.2653,0.048657,20.55
26836,9.3141,0.048754,20.51
26837,9.3630,0.048934,20.44
26838,9.4116,0.048639,20.56
26839,9.4604,0.048821,20.48
26840,9.5091,0.048644,20.56
26841,9.5581,0.048997,20.41
26842,9.6071,0.049054,20.39
26843,9.6559,0.048792,20.50
26844,9.7048,0.048884,20.46
26845,9.7534,0.048567,20.59
26846,9.8026,0.049155,20.34
26847,9.8512,0.048685,20.54
26848,9.9001,0.048854,20.47
26849,9.9492,0.049130,20.35
26850,9.9977,0.048461,20.64
