TotalFrame,Time,DeltaTime,FPS
25751,0.0000,0.042860,23.33
25752,0.0000,0.042860,23.33
25753,0.0200,0.020000,50.00
25754,0.0244,0.004460,224.21
25755,0.0281,0.003637,274.96
25756,0.0764,0.048320,20.70
25757,0.1206,0.044183,22.63
25758,0.1672,0.046652,21.44
25759,0.2114,0.044189,22.63
25760,0.2555,0.044034,22.71
25761,0.2997,0.044176,22.64
25762,0.3438,0.044211,22.62
25763,0.3879,0.044082,22.69
25764,0.4321,0.044165,22.64
25765,0.4769,0.044762,22.34
25766,0.5207,0.043832,22.81
25767,0.5648,0.044087,22.68
25768,0.6089,0.044169,22.64
25769,0.6530,0.044088,22.68
25770,0.6976,0.044541,22.45
25771,0.7416,0.044009,22.72
25772,0.7869,0.045330,22.06
25773,0.8311,0.044147,22.65
25774,0.8753,0.044214,22.62
25775,0.9192,0.043958,22.75
25776,0.9635,0.044277,22.59
25777,1.0079,0.044398,22.52
25778,1.0520,0.044093,22.68
25779,1.0963,0.044271,22.59
25780,1.1403,0.044004,22.73
25781,1.1844,0.044086,22.68
25782,1.2286,0.044257,22.60
25783,1.2729,0.044225,22.61
25784,1.3168,0.043985,22.73
25785,1.3610,0.044179,22.64
25786,1.4052,0.044160,22.65
25787,1.4496,0.044376,22.53
25788,1.4943,0.044777,22.33
25789,1.5382,0.043927,22.76
25790,1.5825,0.044226,22.61
25791,1.6266,0.044092,22.68
25792,1.6714,0.044806,22.32
25793,1.7161,0.044731,22.36
25794,1.7608,0.044658,22.39
25795,1.8047,0.043929,22.76
25796,1.8490,0.044269,22.59
25797,1.8931,0.044120,22.67
25798,1.9371,0.044053,22.70
25799,1.9813,0.044135,22.66
25800,2.0254,0.044096,22.68
25801,2.0695,0.044118,22.67
25802,2.1137,0.044212,22.62
25803,2.1578,0.044068,22.69
25804,2.2020,0.044217,22.62
25805,2.2461,0.044155,22.65
25806,2.2903,0.044216,22.62
25807,2.3344,0.044045,22.70
25808,2.3788,0.044362,22.54
25809,2.4230,0.044284,22.58
25810,2.4671,0.044059,22.70
25811,2.5113,0.044172,22.64
25812,2.5554,0.044116,22.67
25813,2.5998,0.044408,22.52
25814,2.6441,0.044266,22.59
25815,2.6883,0.044188,22.63
25816,2.7325,0.044202,22.62
25817,2.7767,0.044223,22.61
25818,2.8207,0.044069,22.69
25819,2.8649,0.044161,22.64
25820,2.9090,0.044125,22.66
25821,2.9532,0.044144,22.65
25822,2.9975,0.044331,22.56
25823,3.0416,0.044060,22.70
25824,3.0854,0.043858,22.80
25825,3.1297,0.044268,22.59
25826,3.1740,0.044309,22.57
25827,3.2180,0.043957,22.75
25828,3.2623,0.044302,22.57
25829,3.3063,0.044006,22.72
25830,3.3507,0.044472,22.49
25831,3.3947,0.043950,22.75
25832,3.4390,0.044310,22.57
25833,3.4832,0.044173,22.64
25834,3.5274,0.044259,22.59
25835,3.5715,0.044080,22.69
25836,3.6158,0.044351,22.55
25837,3.6602,0.044388,22.53
25838,3.7043,0.044062,22.70
25839,3.7483,0.043992,22.73
25840,3.7926,0.044320,22.56
25841,3.8365,0.043916,22.77
25842,3.8809,0.044368,22.54
25843,3.9253,0.044423,22.51
25844,3.9691,0.043775,22.84
25845,4.0132,0.044067,22.69
25846,4.0575,0.044368,22.54
25847,4.1016,0.044016,22.72
25848,4.1457,0.044137,22.66
25849,4.1899,0.044235,22.61
25850,4.2343,0.044406,22.52
25851,4.2784,0.044089,22.68
25852,4.3225,0.044102,22.67
25853,4.3666,0.044103,22.67
25854,4.4114,0.044753,22.34
25855,4.4556,0.044232,22.61
25856,4.4993,0.043673,22.90
25857,4.5433,0.044034,22.71
25858,4.5875,0.044199,22.63
25859,4.6317,0.044146,22.65
25860,4.6757,0.044066,22.69
25861,4.7202,0.044410,22.52
25862,4.7643,0.044146,22.65
25863,4.8085,0.044208,22.62
25864,4.8525,0.043992,22.73
25865,4.8966,0.044145,22.65
25866,4.9408,0.044159,22.65
25867,4.9850,0.044187,22.63
25868,5.0295,0.044498,22.47
25869,5.0735,0.043987,22.73
25870,5.1177,0.044237,22.61
25871,5.1618,0.044061,22.70
25872,5.2059,0.044129,22.66
25873,5.2500,0.044133,22.66
25874,5.2944,0.044341,22.55
25875,5.3383,0.043931,22.76
25876,5.3825,0.044203,22.62
25877,5.4266,0.044137,22.66
25878,5.4708,0.044207,22.62
25879,5.5154,0.044497,22.47
25880,5.5592,0.043889,22.78
25881,5.6033,0.044113,22.67
25882,5.6474,0.044054,22.70
25883,5.6913,0.043913,22.77
25884,5.7360,0.044655,22.39
25885,5.7802,0.044218,22.62
25886,5.8243,0.044090,22.68
25887,5.8686,0.044283,22.58
25888,5.9128,0.044182,22.63
25889,5.9568,0.044127,22.66
25890,6.0010,0.044139,22.66
25891,6.0453,0.044293,22.58
25892,6.0894,0.044072,22.69
25893,6.1335,0.044092,22.68
25894,6.1777,0.044237,22.61
25895,6.2215,0.043811,22.83
25896,6.2658,0.044296,22.58
25897,6.3104,0.044548,22.45
25898,6.3543,0.043925,22.77
25899,6.3984,0.044120,22.67
25900,6.4426,0.044183,22.63
25901,6.4867,0.044114,22.67
25902,6.5309,0.044239,22.60
25903,6.5750,0.044022,22.72
25904,6.6191,0.044162,22.64
25905,6.6636,0.044486,22.48
25906,6.7077,0.044085,22.68
25907,6.7521,0.044422,22.51
25908,6.7963,0.044227,22.61
25909,6.8403,0.044013,22.72
25910,6.8845,0.044121,22.66
25911,6.9286,0.044140,22.66
25912,6.9728,0.044232,22.61
25913,7.0169,0.044090,22.68
25914,7.0615,0.044560,22.44
25915,7.1051,0.043616,22.93
25916,7.1492,0.044123,22.66
25917,7.1934,0.044198,22.63
25918,7.2375,0.044121,22.67
25919,7.2817,0.044183,22.63
25920,7.3259,0.044152,22.65
25921,7.3700,0.044132,22.66
25922,7.4142,0.044200,22.62
25923,7.4587,0.044450,22.50
25924,7.5028,0.044115,22.67
25925,7.5470,0.044234,22.61
25926,7.5910,0.044001,22.73
25927,7.6352,0.044180,22.63
25928,7.6794,0.044191,22.63
25929,7.7236,0.044256,22.60
25930,7.7679,0.044218,22.62
25931,7.8121,0.044237,22.61
25932,7.8563,0.044156,22.65
25933,7.9003,0.044075,22.69
25934,7.9446,0.044296,22.58
25935,7.9886,0.044019,22.72
25936,8.0329,0.044268,22.59
25937,8.0769,0.044026,22.71
25938,8.1210,0.044091,22.68
25939,8.1652,0.044135,22.66
25940,8.2094,0.044246,22.60
25941,8.2536,0.044199,22.63
25942,8.2980,0.044380,22.53
25943,8.3420,0.044066,22.69
25944,8.3861,0.044089,22.68
25945,8.4303,0.044145,22.65
25946,8.4745,0.044165,22.64
25947,8.5188,0.044366,22.54
25948,8.5628,0.043994,22.73
25949,8.6071,0.044271,22.59
25950,8.6512,0.044092,22.68
25951,8.6953,0.044157,22.65
25952,8.7394,0.044042,22.71
25953,8.7838,0.044378,22.53
25954,8.8282,0.044398,22.52
25955,8.8720,0.043897,22.78
25956,8.9161,0.044049,22.70
25957,8.9600,0.043900,22.78
25958,9.0045,0.044515,22.46
25959,9.0487,0.044198,22.63
25960,9.0930,0.044331,22.56
25961,9.1371,0.044011,22.72
25962,9.1814,0.044316,22.57
25963,9.2255,0.044131,22.66
25964,9.2697,0.044148,22.65
25965,9.3137,0.044084,22.68
25966,9.3580,0.044313,22.57
25967,9.4021,0.044045,22.70
25968,9.4462,0.044090,22.68
25969,9.4908,0.044633,22.41
25970,9.5347,0.043898,22.78
25971,9.5787,0.043981,22.74
25972,9.6233,0.044608,22.42
25973,9.6675,0.044141,22.65
25974,9.7112,0.043722,22.87
25975,9.7553,0.044112,22.67
25976,9.7997,0.044445,22.50
25977,9.8440,0.044276,22.59
25978,9.8884,0.044412,22.52
25979,9.9324,0.044032,22.71
25980,9.9766,0.044159,22.65
