TotalFrame,Time,DeltaTime,FPS
20909,0.0000,0.024733,40.43
20910,0.0000,0.024733,40.43
20911,0.0200,0.020000,50.00
20912,0.0241,0.004136,241.79
20913,0.0275,0.003381,295.79
20914,0.0595,0.032005,31.24
20915,0.0855,0.025983,38.49
20916,0.1124,0.026923,37.14
20917,0.1383,0.025831,38.71
20918,0.1639,0.025687,38.93
20919,0.1896,0.025678,38.94
20920,0.2153,0.025721,38.88
20921,0.2410,0.025632,39.01
20922,0.2668,0.025823,38.73
20923,0.2925,0.025698,38.91
20924,0.3182,0.025706,38.90
20925,0.3439,0.025692,38.92
20926,0.3696,0.025669,38.96
20927,0.3953,0.025761,38.82
20928,0.4213,0.025945,38.54
20929,0.4472,0.025939,38.55
20930,0.4727,0.025549,39.14
20931,0.4981,0.025338,39.47
20932,0.5241,0.026045,38.40
20933,0.5501,0.025921,38.58
20934,0.5757,0.025596,39.07
20935,0.6015,0.025818,38.73
20936,0.6272,0.025763,38.82
20937,0.6529,0.025675,38.95
20938,0.6786,0.025677,38.95
20939,0.7044,0.025788,38.78
20940,0.7300,0.025615,39.04
20941,0.7555,0.025488,39.23
20942,0.7815,0.026062,38.37
20943,0.8074,0.025840,38.70
20944,0.8345,0.027142,36.84
20945,0.8606,0.026101,38.31
20946,0.8867,0.026105,38.31
20947,0.9127,0.025958,38.52
20948,0.9386,0.025899,38.61
20949,0.9641,0.025528,39.17
20950,0.9898,0.025650,38.99
20951,1.0156,0.025873,38.65
20952,1.0411,0.025462,39.27
20953,1.0669,0.025823,38.73
20954,1.0925,0.025590,39.08
20955,1.1186,0.026079,38.35
20956,1.1439,0.025335,39.47
20957,1.1697,0.025813,38.74
20958,1.1964,0.026684,37.48
20959,1.2214,0.024941,40.09
20960,1.2471,0.025790,38.77
20961,1.2728,0.025667,38.96
20962,1.2984,0.025618,39.04
20963,1.3241,0.025695,38.92
20964,1.3499,0.025766,38.81
20965,1.3756,0.025708,38.90
20966,1.4013,0.025715,38.89
20967,1.4267,0.025419,39.34
20968,1.4529,0.026162,38.22
20969,1.4783,0.025442,39.31
20970,1.5041,0.025729,38.87
20971,1.5299,0.025801,38.76
20972,1.5557,0.025794,38.77
20973,1.5813,0.025587,39.08
20974,1.6069,0.025658,38.97
20975,1.6327,0.025762,38.82
20976,1.6584,0.025748,38.84
20977,1.6840,0.025608,39.05
20978,1.7098,0.025759,38.82
20979,1.7355,0.025688,38.93
20980,1.7612,0.025674,38.95
20981,1.7869,0.025704,38.90
20982,1.8126,0.025773,38.80
20983,1.8385,0.025904,38.60
20984,1.8641,0.025546,39.15
20985,1.8901,0.026051,38.39
20986,1.9157,0.025619,39.03
20987,1.9414,0.025658,38.97
20988,1.9671,0.025741,38.85
20989,1.9931,0.025978,38.49
20990,2.0190,0.025851,38.68
20991,2.0446,0.025637,39.01
20992,2.0706,0.025942,38.55
20993,2.0960,0.025464,39.27
20994,2.1216,0.025613,39.04
20995,2.1474,0.025764,38.81
20996,2.1731,0.025692,38.92
20997,2.1988,0.025712,38.89
20998,2.2245,0.025695,38.92
20999,2.2502,0.025661,38.97
21000,2.2758,0.025678,38.94
21001,2.3016,0.025737,38.86
21002,2.3273,0.025682,38.94
21003,2.3530,0.025728,38.87
21004,2.3786,0.025658,38.97
21005,2.4045,0.025830,38.71
21006,2.4305,0.026068,38.36
21007,2.4560,0.025436,39.31
21008,2.4815,0.025563,39.12
21009,2.5072,0.025678,38.94
21010,2.5329,0.025696,38.92
21011,2.5586,0.025705,38.90
21012,2.5843,0.025702,38.91
21013,2.6100,0.025699,38.91
21014,2.6358,0.025829,38.72
21015,2.6616,0.025794,38.77
21016,2.6871,0.025472,39.26
21017,2.7129,0.025805,38.75
21018,2.7386,0.025645,38.99
21019,2.7643,0.025713,38.89
21020,2.7900,0.025690,38.93
21021,2.8158,0.025823,38.73
21022,2.8417,0.025908,38.60
21023,2.8674,0.025700,38.91
21024,2.8934,0.026002,38.46
21025,2.9191,0.025736,38.86
21026,2.9450,0.025908,38.60
21027,2.9708,0.025743,38.85
21028,2.9964,0.025603,39.06
21029,3.0218,0.025456,39.28
21030,3.0478,0.025991,38.47
21031,3.0735,0.025688,38.93
21032,3.0990,0.025440,39.31
21033,3.1250,0.026023,38.43
21034,3.1504,0.025391,39.38
21035,3.1765,0.026117,38.29
21036,3.2018,0.025345,39.46
21037,3.2275,0.025666,38.96
21038,3.2534,0.025894,38.62
21039,3.2790,0.025608,39.05
21040,3.3046,0.025602,39.06
21041,3.3304,0.025841,38.70
21042,3.3560,0.025545,39.15
21043,3.3817,0.025716,38.89
21044,3.4073,0.025606,39.05
21045,3.4334,0.026057,38.38
21046,3.4590,0.025607,39.05
21047,3.4847,0.025697,38.92
21048,3.5104,0.025686,38.93
21049,3.5362,0.025802,38.76
21050,3.5618,0.025646,38.99
21051,3.5874,0.025585,39.09
21052,3.6132,0.025832,38.71
21053,3.6389,0.025705,38.90
21054,3.6647,0.025739,38.85
21055,3.6905,0.025798,38.76
21056,3.7162,0.025694,38.92
21057,3.7419,0.025735,38.86
21058,3.7675,0.025579,39.10
21059,3.7933,0.025793,38.77
21060,3.8189,0.025651,38.98
21061,3.8447,0.025824,38.72
21062,3.8704,0.025678,38.94
21063,3.8961,0.025734,38.86
21064,3.9225,0.026329,37.98
21065,3.9479,0.025417,39.34
21066,3.9735,0.025593,39.07
21067,3.9995,0.025975,38.50
21068,4.0249,0.025427,39.33
21069,4.0507,0.025767,38.81
21070,4.0764,0.025732,38.86
21071,4.1020,0.025571,39.11
21072,4.1278,0.025810,38.74
21073,4.1534,0.025630,39.02
21074,4.1791,0.025718,38.88
21075,4.2048,0.025683,38.94
21076,4.2305,0.025666,38.96
21077,4.2559,0.025453,39.29
21078,4.2818,0.025929,38.57
21079,4.3077,0.025818,38.73
21080,4.3334,0.025687,38.93
21081,4.3591,0.025754,38.83
21082,4.3848,0.025648,38.99
21083,4.4105,0.025717,38.88
21084,4.4363,0.025864,38.66
21085,4.4623,0.025965,38.51
21086,4.4879,0.025562,39.12
21087,4.5136,0.025699,38.91
21088,4.5392,0.025651,38.98
21089,4.5647,0.025470,39.26
21090,4.5904,0.025695,38.92
21091,4.6164,0.025987,38.48
21092,4.6421,0.025724,38.87
21093,4.6680,0.025884,38.63
21094,4.6937,0.025748,38.84
21095,4.7195,0.025732,38.86
21096,4.7453,0.025806,38.75
21097,4.7711,0.025806,38.75
21098,4.7967,0.025667,38.96
21099,4.8224,0.025648,38.99
21100,4.8482,0.025815,38.74
21101,4.8737,0.025552,39.14
21102,4.9003,0.026592,37.61
21103,4.9255,0.025150,39.76
21104,4.9514,0.025936,38.56
21105,4.9769,0.025486,39.24
21106,5.0025,0.025634,39.01
21107,5.0285,0.025989,38.48
21108,5.0540,0.025476,39.25
21109,5.0797,0.025692,38.92
21110,5.1055,0.025795,38.77
21111,5.1311,0.025642,39.00
21112,5.1569,0.025717,38.88
21113,5.1825,0.025627,39.02
21114,5.2082,0.025709,38.90
21115,5.2339,0.025753,38.83
21116,5.2598,0.025880,38.64
21117,5.2856,0.025789,38.78
21118,5.3111,0.025447,39.30
21119,5.3372,0.026151,38.24
21120,5.3628,0.025571,39.11
21121,5.3885,0.025714,38.89
21122,5.4144,0.025917,38.59
21123,5.4401,0.025666,38.96
21124,5.4656,0.025491,39.23
21125,5.4913,0.025686,38.93
21126,5.5171,0.025794,38.77
21127,5.5427,0.025628,39.02
21128,5.5684,0.025702,38.91
21129,5.5941,0.025715,38.89
21130,5.6197,0.025614,39.04
21131,5.6457,0.025977,38.50
21132,5.6712,0.025555,39.13
21133,5.6969,0.025709,38.90
21134,5.7227,0.025747,38.84
21135,5.7484,0.025664,38.97
21136,5.7742,0.025833,38.71
21137,5.7998,0.025590,39.08
21138,5.8255,0.025741,38.85
21139,5.8513,0.025825,38.72
21140,5.8772,0.025798,38.76
21141,5.9028,0.025656,38.98
21142,5.9286,0.025775,38.80
21143,5.9549,0.026319,38.00
21144,5.9803,0.025418,39.34
21145,6.0060,0.025708,38.90
21146,6.0318,0.025806,38.75
21147,6.0573,0.025512,39.20
21148,6.0831,0.025772,38.80
21149,6.1093,0.026237,38.11
21150,6.1348,0.025467,39.27
21151,6.1606,0.025773,38.80
21152,6.1863,0.025683,38.94
21153,6.2120,0.025703,38.91
21154,6.2377,0.025690,38.93
21155,6.2634,0.025725,38.87
21156,6.2889,0.025496,39.22
21157,6.3148,0.025905,38.60
21158,6.3405,0.025743,38.85
21159,6.3662,0.025665,38.96
21160,6.3919,0.025715,38.89
21161,6.4176,0.025672,38.95
21162,6.4435,0.025921,38.58
21163,6.4692,0.025665,38.96
21164,6.4948,0.025657,38.98
21165,6.5205,0.025644,39.00
21166,6.5462,0.025684,38.94
21167,6.5717,0.025528,39.17
21168,6.5976,0.025941,38.55
21169,6.6233,0.025660,38.97
21170,6.6490,0.025757,38.83
21171,6.6748,0.025721,38.88
21172,6.7005,0.025723,38.88
21173,6.7262,0.025731,38.86
21174,6.7522,0.025949,38.54
21175,6.7778,0.025677,38.95
21176,6.8034,0.025592,39.08
21177,6.8291,0.025719,38.88
21178,6.8548,0.025641,39.00
21179,6.8809,0.026071,38.36
21180,6.9073,0.026409,37.87
21181,6.9326,0.025309,39.51
21182,6.9586,0.026030,38.42
21183,6.9841,0.025462,39.27
21184,7.0097,0.025598,39.07
21185,7.0354,0.025689,38.93
21186,7.0612,0.025840,38.70
21187,7.0869,0.025694,38.92
21188,7.1127,0.025756,38.83
21189,7.1384,0.025727,38.87
21190,7.1638,0.025467,39.27
21191,7.1896,0.025756,38.83
21192,7.2153,0.025668,38.96
21193,7.2411,0.025809,38.75
21194,7.2668,0.025681,38.94
21195,7.2924,0.025643,39.00
21196,7.3181,0.025699,38.91
21197,7.3438,0.025650,38.99
21198,7.3695,0.025773,38.80
21199,7.3953,0.025741,38.85
21200,7.4210,0.025692,38.92
21201,7.4468,0.025877,38.64
21202,7.4724,0.025574,39.10
21203,7.4982,0.025743,38.85
21204,7.5238,0.025657,38.98
21205,7.5492,0.025422,39.34
21206,7.5754,0.026154,38.23
21207,7.6007,0.025314,39.50
21208,7.6266,0.025873,38.65
21209,7.6523,0.025738,38.85
21210,7.6782,0.025863,38.67
21211,7.7041,0.025914,38.59
21212,7.7298,0.025761,38.82
21213,7.7555,0.025649,38.99
21214,7.7811,0.025650,38.99
21215,7.8070,0.025824,38.72
21216,7.8327,0.025723,38.88
21217,7.8583,0.025603,39.06
21218,7.8841,0.025777,38.79
21219,7.9095,0.025434,39.32
21220,7.9357,0.026195,38.17
21221,7.9616,0.025902,38.61
21222,7.9872,0.025555,39.13
21223,8.0128,0.025622,39.03
21224,8.0385,0.025705,38.90
21225,8.0642,0.025711,38.89
21226,8.0899,0.025691,38.92
21227,8.1159,0.026010,38.45
21228,8.1414,0.025461,39.28
21229,8.1670,0.025648,38.99
21230,8.1928,0.025777,38.79
21231,8.2185,0.025712,38.89
21232,8.2441,0.025603,39.06
21233,8.2701,0.026027,38.42
21234,8.2957,0.025559,39.13
21235,8.3213,0.025634,39.01
21236,8.3471,0.025764,38.81
21237,8.3727,0.025580,39.09
21238,8.3983,0.025678,38.94
21239,8.4245,0.026123,38.28
21240,8.4501,0.025663,38.97
21241,8.4757,0.025545,39.15
21242,8.5015,0.025787,38.78
21243,8.5273,0.025831,38.71
21244,8.5530,0.025732,38.86
21245,8.5790,0.025932,38.56
21246,8.6043,0.025369,39.42
21247,8.6301,0.025756,38.83
21248,8.6559,0.025823,38.72
21249,8.6816,0.025671,38.96
21250,8.7072,0.025636,39.01
21251,8.7329,0.025709,38.90
21252,8.7586,0.025660,38.97
21253,8.7844,0.025790,38.78
21254,8.8100,0.025672,38.95
21255,8.8358,0.025775,38.80
21256,8.8616,0.025757,38.82
21257,8.8872,0.025587,39.08
21258,8.9129,0.025772,38.80
21259,8.9387,0.025777,38.79
21260,8.9647,0.025982,38.49
21261,8.9903,0.025650,38.99
21262,9.0163,0.025909,38.60
21263,9.0417,0.025418,39.34
21264,9.0674,0.025692,38.92
21265,9.0931,0.025703,38.91
21266,9.1189,0.025799,38.76
21267,9.1446,0.025778,38.79
21268,9.1701,0.025495,39.22
21269,9.1959,0.025799,38.76
21270,9.2216,0.025672,38.95
21271,9.2473,0.025693,38.92
21272,9.2730,0.025737,38.85
21273,9.2989,0.025863,38.66
21274,9.3248,0.025861,38.67
21275,9.3503,0.025504,39.21
21276,9.3763,0.025990,38.48
21277,9.4018,0.025579,39.09
21278,9.4275,0.025688,38.93
21279,9.4532,0.025718,38.88
21280,9.4790,0.025778,38.79
21281,9.5049,0.025830,38.71
21282,9.5305,0.025611,39.05
21283,9.5561,0.025637,39.01
21284,9.5819,0.025775,38.80
21285,9.6075,0.025629,39.02
21286,9.6331,0.025636,39.01
21287,9.6590,0.025828,38.72
21288,9.6846,0.025682,38.94
21289,9.7103,0.025687,38.93
21290,9.7359,0.025579,39.10
21291,9.7618,0.025875,38.65
21292,9.7875,0.025702,38.91
21293,9.8133,0.025769,38.81
21294,9.8391,0.025815,38.74
21295,9.8648,0.025687,38.93
21296,9.8902,0.025468,39.26
21297,9.9162,0.025928,38.57
21298,9.9416,0.025446,39.30
21299,9.9678,0.026180,38.20
21300,9.9936,0.025803,38.76
