TotalFrame,Time,DeltaTime,FPS
23968,0.0000,0.036291,27.56
23969,0.0000,0.036291,27.56
23970,0.0200,0.020000,50.00
23971,0.0232,0.003201,312.40
23972,0.0262,0.002951,338.83
23973,0.0667,0.040571,24.65
23974,0.1039,0.037243,26.85
23975,0.1413,0.037330,26.79
23976,0.1781,0.036819,27.16
23977,0.2155,0.037370,26.76
23978,0.2527,0.037269,26.83
23979,0.2898,0.037050,26.99
23980,0.3270,0.037221,26.87
23981,0.3639,0.036888,27.11
23982,0.4050,0.041116,24.32
23983,0.4387,0.033640,29.73
23984,0.4769,0.038269,26.13
23985,0.5129,0.036015,27.77
23986,0.5503,0.037333,26.79
23987,0.5873,0.037043,27.00
23988,0.6246,0.037278,26.83
23989,0.6617,0.037043,27.00
23990,0.6991,0.037441,26.71
23991,0.7365,0.037451,26.70
23992,0.7737,0.037226,26.86
23993,0.8110,0.037275,26.83
23994,0.8486,0.037569,26.62
23995,0.8859,0.037264,26.84
23996,0.9237,0.037830,26.43
23997,0.9608,0.037069,26.98
23998,0.9981,0.037331,26.79
23999,1.0360,0.037846,26.42
24000,1.0734,0.037463,26.69
24001,1.1107,0.037337,26.78
24002,1.1482,0.037432,26.72
24003,1.1855,0.037280,26.82
24004,1.2230,0.037527,26.65
24005,1.2603,0.037267,26.83
24006,1.2977,0.037486,26.68
24007,1.3353,0.037575,26.61
24008,1.3724,0.037145,26.92
24009,1.4098,0.037377,26.75
24010,1.4472,0.037373,26.76
24011,1.4846,0.037410,26.73
24012,1.5220,0.037411,26.73
24013,1.5594,0.037332,26.79
24014,1.5970,0.037610,26.59
24015,1.6341,0.037116,26.94
24016,1.6716,0.037544,26.64
24017,1.7089,0.037277,26.83
24018,1.7463,0.037447,26.70
24019,1.7839,0.037558,26.63
24020,1.8210,0.037129,26.93
24021,1.8590,0.037940,26.36
24022,1.8969,0.037905,26.38
24023,1.9349,0.038019,26.30
24024,1.9712,0.036301,27.55
24025,2.0085,0.037258,26.84
24026,2.0460,0.037571,26.62
24027,2.0833,0.037295,26.81
24028,2.1207,0.037373,26.76
24029,2.1580,0.037335,26.78
24030,2.1954,0.037384,26.75
24031,2.2328,0.037380,26.75
24032,2.2703,0.037456,26.70
24033,2.3075,0.037234,26.86
24034,2.3449,0.037435,26.71
24035,2.3825,0.037553,26.63
24036,2.4199,0.037400,26.74
24037,2.4571,0.037261,26.84
24038,2.4946,0.037506,26.66
24039,2.5319,0.037205,26.88
24040,2.5698,0.037962,26.34
24041,2.6068,0.036981,27.04
24042,2.6442,0.037382,26.75
24043,2.6818,0.037648,26.56
24044,2.7191,0.037316,26.80
24045,2.7568,0.037684,26.54
24046,2.7938,0.036980,27.04
24047,2.8312,0.037408,26.73
24048,2.8688,0.037590,26.60
24049,2.9063,0.037514,26.66
24050,2.9442,0.037857,26.42
24051,2.9815,0.037329,26.79
24052,3.0186,0.037076,26.97
24053,3.0559,0.037340,26.78
24054,3.0932,0.037292,26.82
24055,3.1306,0.037456,26.70
24056,3.1681,0.037396,26.74
24057,3.2054,0.037365,26.76
24058,3.2429,0.037425,26.72
24059,3.2802,0.037349,26.77
24060,3.3176,0.037398,26.74
24061,3.3551,0.037548,26.63
24062,3.3922,0.037112,26.95
24063,3.4296,0.037346,26.78
24064,3.4674,0.037791,26.46
24065,3.5061,0.038703,25.84
24066,3.5420,0.035912,27.85
24067,3.5827,0.040690,24.58
24068,3.6169,0.034204,29.24
24069,3.6544,0.037485,26.68
24070,3.6919,0.037470,26.69
24071,3.7289,0.037053,26.99
24072,3.7665,0.037623,26.58
24073,3.8039,0.037325,26.79
24074,3.8412,0.037384,26.75
24075,3.8788,0.037574,26.61
24076,3.9164,0.037551,26.63
24077,3.9537,0.037366,26.76
24078,3.9911,0.037358,26.77
24079,4.0284,0.037287,26.82
24080,4.0661,0.037726,26.51
24081,4.1031,0.037009,27.02
24082,4.1406,0.037522,26.65
24083,4.1785,0.037906,26.38
24084,4.2155,0.037014,27.02
24085,4.2534,0.037862,26.41
24086,4.2912,0.037764,26.48
24087,4.3288,0.037611,26.59
24088,4.3665,0.037717,26.51
24089,4.4042,0.037674,26.54
24090,4.4424,0.038213,26.17
24091,4.4805,0.038142,26.22
24092,4.5172,0.036660,27.28
24093,4.5548,0.037645,26.56
24094,4.5925,0.037686,26.54
24095,4.6301,0.037569,26.62
24096,4.6678,0.037678,26.54
24097,4.7058,0.037973,26.33
24098,4.7433,0.037599,26.60
24099,4.7811,0.037733,26.50
24100,4.8187,0.037582,26.61
24101,4.8562,0.037568,26.62
24102,4.8939,0.037644,26.56
24103,4.9318,0.037911,26.38
24104,4.9695,0.037689,26.53
24105,5.0071,0.037618,26.58
24106,5.0448,0.037742,26.50
24107,5.0825,0.037668,26.55
24108,5.1204,0.037917,26.37
24109,5.1582,0.037773,26.47
24110,5.1957,0.037537,26.64
24111,5.2332,0.037472,26.69
24112,5.2710,0.037766,26.48
24113,5.3086,0.037659,26.55
24114,5.3463,0.037684,26.54
24115,5.3839,0.037564,26.62
24116,5.4217,0.037807,26.45
24117,5.4594,0.037661,26.55
24118,5.4972,0.037864,26.41
24119,5.5347,0.037500,26.67
24120,5.5724,0.037651,26.56
24121,5.6100,0.037625,26.58
24122,5.6475,0.037478,26.68
24123,5.6853,0.037860,26.41
24124,5.7230,0.037685,26.54
24125,5.7607,0.037732,26.50
24126,5.7986,0.037808,26.45
24127,5.8361,0.037503,26.66
24128,5.8740,0.037915,26.37
24129,5.9119,0.037975,26.33
24130,5.9498,0.037840,26.43
24131,5.9874,0.037635,26.57
24132,6.0250,0.037572,26.62
24133,6.0627,0.037670,26.55
24134,6.1003,0.037603,26.59
24135,6.1381,0.037795,26.46
24136,6.1757,0.037626,26.58
24137,6.2132,0.037543,26.64
24138,6.2510,0.037786,26.46
24139,6.2886,0.037634,26.57
24140,6.3265,0.037863,26.41
24141,6.3642,0.037679,26.54
24142,6.4016,0.037464,26.69
24143,6.4394,0.037724,26.51
24144,6.4771,0.037721,26.51
24145,6.5146,0.037540,26.64
24146,6.5526,0.037994,26.32
24147,6.5900,0.037416,26.73
24148,6.6279,0.037864,26.41
24149,6.6654,0.037509,26.66
24150,6.7034,0.037978,26.33
24151,6.7409,0.037487,26.68
24152,6.7787,0.037870,26.41
24153,6.8163,0.037596,26.60
24154,6.8540,0.037642,26.57
24155,6.8918,0.037772,26.47
24156,6.9292,0.037415,26.73
24157,6.9676,0.038375,26.06
24158,7.0051,0.037528,26.65
24159,7.0428,0.037679,26.54
24160,7.0804,0.037597,26.60
24161,7.1179,0.037546,26.63
24162,7.1558,0.037857,26.41
24163,7.1933,0.037508,26.66
24164,7.2309,0.037677,26.54
24165,7.2718,0.040875,24.46
24166,7.3064,0.034593,28.91
24167,7.3441,0.037687,26.53
24168,7.3813,0.037269,26.83
24169,7.4193,0.037887,26.39
24170,7.4571,0.037883,26.40
24171,7.4947,0.037586,26.61
24172,7.5328,0.038132,26.22
24173,7.5703,0.037498,26.67
24174,7.6080,0.037686,26.54
24175,7.6456,0.037591,26.60
24176,7.6833,0.037635,26.57
24177,7.7210,0.037745,26.49
24178,7.7587,0.037666,26.55
24179,7.7964,0.037710,26.52
24180,7.8338,0.037430,26.72
24181,7.8716,0.037788,26.46
24182,7.9098,0.038232,26.16
24183,7.9474,0.037602,26.59
24184,7.9849,0.037472,26.69
24185,8.0227,0.037791,26.46
24186,8.0605,0.037777,26.47
24187,8.0979,0.037465,26.69
24188,8.1357,0.037804,26.45
24189,8.1736,0.037905,26.38
24190,8.2114,0.037728,26.51
24191,8.2487,0.037327,26.79
24192,8.2865,0.037825,26.44
24193,8.3243,0.037781,26.47
24194,8.3620,0.037670,26.55
24195,8.3997,0.037752,26.49
24196,8.4376,0.037900,26.39
24197,8.4752,0.037575,26.61
24198,8.5129,0.037730,26.50
24199,8.5506,0.037696,26.53
24200,8.5881,0.037478,26.68
24201,8.6259,0.037853,26.42
24202,8.6635,0.037538,26.64
24203,8.7011,0.037592,26.60
24204,8.7389,0.037766,26.48
24205,8.7764,0.037571,26.62
24206,8.8143,0.037857,26.41
24207,8.8517,0.037441,26.71
24208,8.8895,0.037799,26.46
24209,8.9270,0.037466,26.69
24210,8.9654,0.038372,26.06
24211,9.0026,0.037256,26.84
24212,9.0406,0.038002,26.31
24213,9.0781,0.037455,26.70
24214,9.1159,0.037800,26.46
24215,9.1538,0.037890,26.39
24216,9.1914,0.037655,26.56
24217,9.2289,0.037490,26.67
24218,9.2668,0.037886,26.39
24219,9.3043,0.037505,26.66
24220,9.3419,0.037646,26.56
24221,9.3797,0.037709,26.52
24222,9.4175,0.037815,26.44
24223,9.4551,0.037666,26.55
24224,9.4933,0.038119,26.23
24225,9.5306,0.037393,26.74
24226,9.5683,0.037661,26.55
24227,9.6059,0.037623,26.58
24228,9.6436,0.037609,26.59
24229,9.6813,0.037734,26.50
24230,9.7188,0.037490,26.67
24231,9.7562,0.037440,26.71
24232,9.7941,0.037892,26.39
24233,9.8317,0.037618,26.58
24234,9.8695,0.037796,26.46
24235,9.9070,0.037468,26.69
24236,9.9453,0.038315,26.10
24237,9.9828,0.037553,26.63
