TotalFrame,Time,DeltaTime,FPS
27363,0.0000,0.054145,18.47
27364,0.0000,0.054145,18.47
27365,0.0200,0.020000,50.00
27366,0.0251,0.005057,197.75
27367,0.0296,0.004542,220.16
27368,0.0814,0.051825,19.30
27369,0.1356,0.054153,18.47
27370,0.1933,0.057691,17.33
27371,0.2441,0.050811,19.68
27372,0.2984,0.054355,18.40
27373,0.3541,0.055624,17.98
27374,0.4075,0.053411,18.72
27375,0.4624,0.054942,18.20
27376,0.5170,0.054531,18.34
27377,0.5714,0.054470,18.36
27378,0.6257,0.054314,18.41
27379,0.6800,0.054272,18.43
27380,0.7343,0.054275,18.42
27381,0.7887,0.054430,18.37
27382,0.8434,0.054728,18.27
27383,0.8985,0.055018,18.18
27384,0.9531,0.054646,18.30
27385,1.0083,0.055192,18.12
27386,1.0628,0.054541,18.33
27387,1.1175,0.054656,18.30
27388,1.1722,0.054738,18.27
27389,1.2272,0.054999,18.18
27390,1.2818,0.054606,18.31
27391,1.3367,0.054826,18.24
27392,1.3914,0.054686,18.29
27393,1.4461,0.054721,18.27
27394,1.5009,0.054805,18.25
27395,1.5555,0.054667,18.29
27396,1.6104,0.054806,18.25
27397,1.6655,0.055122,18.14
27398,1.7200,0.054560,18.33
27399,1.7750,0.054963,18.19
27400,1.8298,0.054848,18.23
27401,1.8854,0.055542,18.00
27402,1.9395,0.054145,18.47
27403,1.9946,0.055079,18.16
27404,2.0493,0.054659,18.30
27405,2.1042,0.054899,18.22
27406,2.1589,0.054722,18.27
27407,2.2137,0.054794,18.25
27408,2.2685,0.054820,18.24
27409,2.3233,0.054760,18.26
27410,2.3780,0.054744,18.27
27411,2.4328,0.054778,18.26
27412,2.4876,0.054870,18.23
27413,2.5425,0.054788,18.25
27414,2.5973,0.054857,18.23
27415,2.6523,0.055032,18.17
27416,2.7069,0.054600,18.32
27417,2.7618,0.054892,18.22
27418,2.8166,0.054774,18.26
27419,2.8713,0.054724,18.27
27420,2.9262,0.054860,18.23
27421,2.9814,0.055200,18.12
27422,3.0358,0.054460,18.36
27423,3.0907,0.054817,18.24
27424,3.1476,0.056885,17.58
27425,3.2004,0.052881,18.91
27426,3.2551,0.054668,18.29
27427,3.3100,0.054910,18.21
27428,3.3647,0.054713,18.28
27429,3.4237,0.059018,16.94
27430,3.4746,0.050834,19.67
27431,3.5294,0.054869,18.23
27432,3.5842,0.054769,18.26
27433,3.6388,0.054613,18.31
27434,3.6937,0.054886,18.22
27435,3.7485,0.054846,18.23
27436,3.8034,0.054883,18.22
27437,3.8584,0.054957,18.20
27438,3.9131,0.054689,18.29
27439,3.9677,0.054568,18.33
27440,4.0232,0.055566,18.00
27441,4.0774,0.054164,18.46
27442,4.1324,0.054987,18.19
27443,4.1871,0.054772,18.26
27444,4.2423,0.055164,18.13
27445,4.2971,0.054833,18.24
27446,4.3520,0.054852,18.23
27447,4.4066,0.054663,18.29
27448,4.4615,0.054845,18.23
27449,4.5166,0.055099,18.15
27450,4.5710,0.054401,18.38
27451,4.6259,0.054964,18.19
27452,4.6808,0.054812,18.24
27453,4.7356,0.054820,18.24
27454,4.7903,0.054717,18.28
27455,4.8453,0.054975,18.19
27456,4.9000,0.054691,18.28
27457,4.9550,0.054982,18.19
27458,5.0098,0.054810,18.24
27459,5.0649,0.055092,18.15
27460,5.1200,0.055114,18.14
27461,5.1745,0.054510,18.35
27462,5.2291,0.054649,18.30
27463,5.2840,0.054910,18.21
27464,5.3387,0.054713,18.28
27465,5.3935,0.054707,18.28
27466,5.4483,0.054823,18.24
27467,5.5035,0.055250,18.10
27468,5.5581,0.054590,18.32
27469,5.6128,0.054700,18.28
27470,5.6676,0.054750,18.26
27471,5.7225,0.054970,18.19
27472,5.7775,0.054976,18.19
27473,5.8327,0.055202,18.12
27474,5.8870,0.054316,18.41
27475,5.9429,0.055914,17.88
27476,5.9981,0.055125,18.14
27477,6.0531,0.055019,18.18
27478,6.1065,0.053427,18.72
27479,6.1617,0.055171,18.13
27480,6.2162,0.054556,18.33
27481,6.2711,0.054857,18.23
27482,6.3257,0.054580,18.32
27483,6.3806,0.054931,18.20
27484,6.4354,0.054777,18.26
27485,6.4903,0.054941,18.20
27486,6.5450,0.054654,18.30
27487,6.6001,0.055102,18.15
27488,6.6547,0.054617,18.31
27489,6.7098,0.055081,18.16
27490,6.7647,0.054951,18.20
27491,6.8195,0.054726,18.27
27492,6.8743,0.054798,18.25
27493,6.9293,0.055010,18.18
27494,6.9838,0.054564,18.33
27495,7.0390,0.055189,18.12
27496,7.0938,0.054805,18.25
27497,7.1487,0.054824,18.24
27498,7.2037,0.055061,18.16
27499,7.2583,0.054583,18.32
27500,7.3130,0.054653,18.30
27501,7.3677,0.054805,18.25
27502,7.4228,0.055045,18.17
27503,7.4777,0.054920,18.21
27504,7.5326,0.054845,18.23
27505,7.5876,0.055091,18.15
27506,7.6422,0.054571,18.32
27507,7.6972,0.054979,18.19
27508,7.7520,0.054852,18.23
27509,7.8067,0.054641,18.30
27510,7.8615,0.054844,18.23
27511,7.9165,0.054994,18.18
27512,7.9711,0.054550,18.33
27513,8.0262,0.055169,18.13
27514,8.0812,0.054932,18.20
27515,8.1358,0.054652,18.30
27516,8.1906,0.054705,18.28
27517,8.2454,0.054875,18.22
27518,8.3004,0.054943,18.20
27519,8.3552,0.054805,18.25
27520,8.4100,0.054867,18.23
27521,8.4646,0.054600,18.32
27522,8.5200,0.055404,18.05
27523,8.5743,0.054302,18.42
27524,8.6292,0.054806,18.25
27525,8.6840,0.054881,18.22
27526,8.7390,0.054920,18.21
27527,8.7938,0.054887,18.22
27528,8.8485,0.054625,18.31
27529,8.9035,0.055027,18.17
27530,8.9582,0.054702,18.28
27531,9.0131,0.054929,18.21
27532,9.0691,0.055981,17.86
27533,9.1252,0.056159,17.81
27534,9.1784,0.053142,18.82
27535,9.2326,0.054236,18.44
27536,9.2873,0.054696,18.28
27537,9.3423,0.054946,18.20
27538,9.3970,0.054755,18.26
27539,9.4518,0.054753,18.26
27540,9.5066,0.054831,18.24
27541,9.5616,0.054974,18.19
27542,9.6163,0.054739,18.27
27543,9.6711,0.054791,18.25
27544,9.7258,0.054668,18.29
27545,9.7808,0.055038,18.17
27546,9.8357,0.054855,18.23
27547,9.8903,0.054623,18.31
27548,9.9453,0.054958,18.20
