TotalFrame,Time,DeltaTime,FPS
21439,0.0000,0.027421,36.47
21440,0.0000,0.027421,36.47
21441,0.0200,0.020000,50.00
21442,0.0245,0.004532,220.67
21443,0.0282,0.003617,276.51
21444,0.1200,0.091802,10.89
21445,0.1947,0.074703,13.39
21446,0.2483,0.053665,18.63
21447,0.2788,0.030479,32.81
21448,0.3094,0.030641,32.64
21449,0.3394,0.029980,33.36
21450,0.3706,0.031159,32.09
21451,0.4012,0.030578,32.70
21452,0.4317,0.030507,32.78
21453,0.4604,0.028771,34.76
21454,0.4891,0.028619,34.94
21455,0.5173,0.028195,35.47
21456,0.5454,0.028161,35.51
21457,0.5735,0.028077,35.62
21458,0.6016,0.028081,35.61
21459,0.6295,0.027905,35.84
21460,0.6579,0.028457,35.14
21461,0.6862,0.028216,35.44
21462,0.7142,0.028044,35.66
21463,0.7422,0.028043,35.66
21464,0.7704,0.028188,35.48
21465,0.7986,0.028134,35.54
21466,0.8266,0.028080,35.61
21467,0.8545,0.027903,35.84
21468,0.8825,0.027965,35.76
21469,0.9102,0.027727,36.07
21470,0.9381,0.027910,35.83
21471,0.9661,0.027929,35.81
21472,0.9940,0.027937,35.79
21473,1.0220,0.028008,35.70
21474,1.0499,0.027850,35.91
21475,1.0778,0.027952,35.78
21476,1.1058,0.027974,35.75
21477,1.1336,0.027808,35.96
21478,1.1617,0.028139,35.54
21479,1.1895,0.027775,36.00
21480,1.2176,0.028079,35.61
21481,1.2457,0.028086,35.61
21482,1.2736,0.027957,35.77
21483,1.3017,0.028061,35.64
21484,1.3294,0.027697,36.11
21485,1.3574,0.027968,35.76
21486,1.3856,0.028215,35.44
21487,1.4135,0.027894,35.85
21488,1.4415,0.028019,35.69
21489,1.4693,0.027815,35.95
21490,1.4973,0.027987,35.73
21491,1.5252,0.027876,35.87
21492,1.5530,0.027845,35.91
21493,1.5808,0.027819,35.95
21494,1.6088,0.027941,35.79
21495,1.6366,0.027822,35.94
21496,1.6649,0.028346,35.28
21497,1.6927,0.027790,35.98
21498,1.7207,0.027988,35.73
21499,1.7485,0.027812,35.96
21500,1.7766,0.028117,35.57
21501,1.8046,0.027904,35.84
21502,1.8325,0.027992,35.72
21503,1.8605,0.027931,35.80
21504,1.8885,0.028023,35.68
21505,1.9162,0.027707,36.09
21506,1.9441,0.027899,35.84
21507,1.9719,0.027844,35.91
21508,1.9999,0.027959,35.77
21509,2.0280,0.028051,35.65
21510,2.0563,0.028310,35.32
21511,2.0841,0.027861,35.89
21512,2.1120,0.027890,35.86
21513,2.1399,0.027866,35.89
21514,2.1678,0.027879,35.87
21515,2.1954,0.027655,36.16
21516,2.2239,0.028472,35.12
21517,2.2520,0.028145,35.53
21518,2.2801,0.028021,35.69
21519,2.3083,0.028225,35.43
21520,2.3364,0.028159,35.51
21521,2.3647,0.028293,35.34
21522,2.3927,0.027999,35.72
21523,2.4210,0.028230,35.42
21524,2.4490,0.028054,35.65
21525,2.4773,0.028283,35.36
21526,2.5054,0.028099,35.59
21527,2.5335,0.028147,35.53
21528,2.5616,0.028058,35.64
21529,2.5897,0.028085,35.61
21530,2.6179,0.028181,35.48
21531,2.6460,0.028139,35.54
21532,2.6745,0.028511,35.07
21533,2.7029,0.028433,35.17
21534,2.7312,0.028247,35.40
21535,2.7591,0.027910,35.83
21536,2.7873,0.028159,35.51
21537,2.8153,0.028071,35.62
21538,2.8439,0.028549,35.03
21539,2.8722,0.028348,35.28
21540,2.9000,0.027801,35.97
21541,2.9284,0.028366,35.25
21542,2.9564,0.028000,35.71
21543,2.9845,0.028099,35.59
21544,3.0128,0.028268,35.38
21545,3.0407,0.027930,35.80
21546,3.0689,0.028206,35.45
21547,3.0969,0.028023,35.68
21548,3.1251,0.028193,35.47
21549,3.1533,0.028170,35.50
21550,3.1813,0.027978,35.74
21551,3.2096,0.028307,35.33
21552,3.2376,0.027990,35.73
21553,3.2658,0.028194,35.47
21554,3.2941,0.028299,35.34
21555,3.3220,0.027965,35.76
21556,3.3505,0.028468,35.13
21557,3.3785,0.028057,35.64
21558,3.4067,0.028186,35.48
21559,3.4351,0.028331,35.30
21560,3.4635,0.028471,35.12
21561,3.4918,0.028300,35.34
21562,3.5197,0.027845,35.91
21563,3.5476,0.027932,35.80
21564,3.5759,0.028311,35.32
21565,3.6039,0.028024,35.68
21566,3.6321,0.028171,35.50
21567,3.6605,0.028368,35.25
21568,3.6890,0.028489,35.10
21569,3.7170,0.028021,35.69
21570,3.7451,0.028089,35.60
21571,3.7731,0.028036,35.67
21572,3.8013,0.028144,35.53
21573,3.8295,0.028208,35.45
21574,3.8580,0.028481,35.11
21575,3.8855,0.027514,36.35
21576,3.9140,0.028511,35.07
21577,3.9419,0.027966,35.76
21578,3.9700,0.028045,35.66
21579,3.9981,0.028071,35.62
21580,4.0264,0.028330,35.30
21581,4.0544,0.028035,35.67
21582,4.0826,0.028152,35.52
21583,4.1107,0.028178,35.49
21584,4.1389,0.028116,35.57
21585,4.1671,0.028218,35.44
21586,4.1952,0.028076,35.62
21587,4.2231,0.027985,35.73
21588,4.2513,0.028177,35.49
21589,4.2796,0.028281,35.36
21590,4.3075,0.027873,35.88
21591,4.3357,0.028212,35.45
21592,4.3640,0.028276,35.37
21593,4.3920,0.028073,35.62
21594,4.4202,0.028148,35.53
21595,4.4482,0.027981,35.74
21596,4.4766,0.028393,35.22
21597,4.5049,0.028282,35.36
21598,4.5328,0.027953,35.77
21599,4.5609,0.028131,35.55
21600,4.5891,0.028204,35.46
21601,4.6172,0.028103,35.58
21602,4.6454,0.028131,35.55
21603,4.6737,0.028289,35.35
21604,4.7016,0.027958,35.77
21605,4.7306,0.028944,34.55
21606,4.7584,0.027870,35.88
21607,4.7864,0.027981,35.74
21608,4.8142,0.027813,35.95
21609,4.8424,0.028186,35.48
21610,4.8707,0.028294,35.34
21611,4.8986,0.027889,35.86
21612,4.9267,0.028113,35.57
21613,4.9547,0.027996,35.72
21614,4.9830,0.028311,35.32
21615,5.0110,0.028027,35.68
21616,5.0392,0.028205,35.46
21617,5.0670,0.027756,36.03
21618,5.0955,0.028453,35.15
21619,5.1236,0.028109,35.58
21620,5.1518,0.028274,35.37
21621,5.1798,0.027943,35.79
21622,5.2078,0.028025,35.68
21623,5.2358,0.028033,35.67
21624,5.2642,0.028337,35.29
21625,5.2922,0.028051,35.65
21626,5.3208,0.028526,35.06
21627,5.3486,0.027869,35.88
21628,5.3770,0.028359,35.26
21629,5.4051,0.028086,35.61
21630,5.4330,0.027957,35.77
21631,5.4613,0.028319,35.31
21632,5.4893,0.028019,35.69
21633,5.5178,0.028440,35.16
21634,5.5457,0.027908,35.83
21635,5.5736,0.027937,35.79
21636,5.6017,0.028084,35.61
21637,5.6298,0.028114,35.57
21638,5.6578,0.027951,35.78
21639,5.6862,0.028409,35.20
21640,5.7145,0.028291,35.35
21641,5.7423,0.027779,36.00
21642,5.7707,0.028406,35.20
21643,5.7987,0.028003,35.71
21644,5.8270,0.028280,35.36
21645,5.8551,0.028101,35.59
21646,5.8835,0.028425,35.18
21647,5.9111,0.027579,36.26
21648,5.9394,0.028326,35.30
21649,5.9675,0.028056,35.64
21650,5.9957,0.028235,35.42
21651,6.0236,0.027939,35.79
21652,6.0518,0.028158,35.51
21653,6.0798,0.028030,35.68
21654,6.1081,0.028301,35.33
21655,6.1364,0.028307,35.33
21656,6.1642,0.027826,35.94
21657,6.1925,0.028269,35.37
21658,6.2206,0.028046,35.66
21659,6.2488,0.028223,35.43
21660,6.2770,0.028186,35.48
21661,6.3053,0.028383,35.23
21662,6.3333,0.027960,35.77
21663,6.3614,0.028065,35.63
21664,6.3896,0.028188,35.48
21665,6.4180,0.028469,35.13
21666,6.4460,0.027999,35.72
21667,6.4740,0.027918,35.82
21668,6.5021,0.028188,35.48
21669,6.5301,0.028002,35.71
21670,6.5583,0.028143,35.53
21671,6.5865,0.028241,35.41
21672,6.6145,0.027948,35.78
21673,6.6427,0.028181,35.48
21674,6.6707,0.028050,35.65
21675,6.6987,0.027949,35.78
21676,6.7271,0.028441,35.16
21677,6.7550,0.027927,35.81
21678,6.7830,0.027999,35.72
21679,6.8111,0.028074,35.62
21680,6.8391,0.028021,35.69
21681,6.8672,0.028110,35.57
21682,6.8957,0.028438,35.16
21683,6.9236,0.027949,35.78
21684,6.9520,0.028373,35.25
21685,6.9799,0.027950,35.78
21686,7.0081,0.028119,35.56
21687,7.0362,0.028192,35.47
21688,7.0643,0.028103,35.58
21689,7.0923,0.027999,35.72
21690,7.1206,0.028262,35.38
21691,7.1486,0.028025,35.68
21692,7.1768,0.028123,35.56
21693,7.2048,0.028023,35.68
21694,7.2329,0.028117,35.57
21695,7.2610,0.028109,35.58
21696,7.2891,0.028093,35.60
21697,7.3171,0.028038,35.67
21698,7.3459,0.028792,34.73
21699,7.3734,0.027487,36.38
21700,7.4017,0.028341,35.28
21701,7.4296,0.027891,35.85
21702,7.4577,0.028105,35.58
21703,7.4859,0.028167,35.50
21704,7.5138,0.027928,35.81
21705,7.5423,0.028399,35.21
21706,7.5704,0.028149,35.52
21707,7.5981,0.027749,36.04
21708,7.6263,0.028194,35.47
21709,7.6544,0.028042,35.66
21710,7.6824,0.027996,35.72
21711,7.7106,0.028231,35.42
21712,7.7390,0.028419,35.19
21713,7.7674,0.028369,35.25
21714,7.7954,0.028028,35.68
21715,7.8235,0.028048,35.65
21716,7.8517,0.028180,35.49
21717,7.8797,0.028019,35.69
21718,7.9082,0.028514,35.07
21719,7.9360,0.027775,36.00
21720,7.9641,0.028185,35.48
21721,7.9921,0.027970,35.75
21722,8.0202,0.028125,35.56
21723,8.0486,0.028389,35.22
21724,8.0765,0.027861,35.89
21725,8.1046,0.028077,35.62
21726,8.1327,0.028178,35.49
21727,8.1608,0.028035,35.67
21728,8.1889,0.028106,35.58
21729,8.2170,0.028081,35.61
21730,8.2451,0.028154,35.52
21731,8.2730,0.027865,35.89
21732,8.3014,0.028435,35.17
21733,8.3297,0.028329,35.30
21734,8.3577,0.027980,35.74
21735,8.3858,0.028104,35.58
21736,8.4140,0.028146,35.53
21737,8.4419,0.027906,35.83
21738,8.4701,0.028248,35.40
21739,8.4982,0.028045,35.66
21740,8.5262,0.027977,35.74
21741,8.5545,0.028330,35.30
21742,8.5827,0.028199,35.46
21743,8.6107,0.027994,35.72
21744,8.6389,0.028190,35.47
21745,8.6668,0.027976,35.74
21746,8.6951,0.028290,35.35
21747,8.7232,0.028066,35.63
21748,8.7518,0.028566,35.01
21749,8.7797,0.027903,35.84
21750,8.8077,0.027991,35.73
21751,8.8358,0.028102,35.59
21752,8.8639,0.028099,35.59
21753,8.8918,0.027949,35.78
21754,8.9204,0.028552,35.02
21755,8.9482,0.027859,35.90
21756,8.9765,0.028258,35.39
21757,9.0044,0.027949,35.78
21758,9.0325,0.028035,35.67
21759,9.0605,0.028042,35.66
21760,9.0887,0.028166,35.50
21761,9.1168,0.028128,35.55
21762,9.1451,0.028287,35.35
21763,9.1730,0.027957,35.77
21764,9.2012,0.028210,35.45
21765,9.2293,0.028023,35.69
21766,9.2574,0.028114,35.57
21767,9.2853,0.027909,35.83
21768,9.3136,0.028330,35.30
21769,9.3417,0.028091,35.60
21770,9.3698,0.028114,35.57
21771,9.3983,0.028451,35.15
21772,9.4265,0.028208,35.45
21773,9.4543,0.027811,35.96
21774,9.4828,0.028505,35.08
21775,9.5107,0.027860,35.89
21776,9.5386,0.027972,35.75
21777,9.5667,0.028093,35.60
21778,9.5953,0.028551,35.02
21779,9.6231,0.027806,35.96
21780,9.6512,0.028102,35.58
21781,9.6791,0.027928,35.81
21782,9.7073,0.028171,35.50
21783,9.7353,0.028037,35.67
21784,9.7637,0.028330,35.30
21785,9.7917,0.028088,35.60
21786,9.8199,0.028194,35.47
21787,9.8477,0.027712,36.09
21788,9.8760,0.028354,35.27
21789,9.9041,0.028085,35.61
21790,9.9326,0.028549,35.03
21791,9.9606,0.027959,35.77
21792,9.9885,0.027862,35.89
