TotalFrame,Time,DeltaTime,FPS
81111,0.0000,0.037390,26.74
81112,0.0000,0.037390,26.74
81113,0.0200,0.020000,50.00
81114,0.0540,0.033940,29.46
81115,0.0884,0.034404,29.07
81116,0.1229,0.034546,28.95
81117,0.1569,0.033968,29.44
81118,0.1909,0.034023,29.39
81119,0.2249,0.034031,29.38
81120,0.2595,0.034552,28.94
81121,0.2938,0.034300,29.15
81122,0.3281,0.034320,29.14
81123,0.3621,0.033974,29.43
81124,0.3983,0.036177,27.64
81125,0.4325,0.034221,29.22
81126,0.4665,0.034009,29.40
81127,0.5010,0.034493,28.99
81128,0.5349,0.033894,29.50
81129,0.5712,0.036305,27.54
81130,0.6068,0.035648,28.05
81131,0.6425,0.035703,28.01
81132,0.6780,0.035450,28.21
81133,0.7134,0.035423,28.23
81134,0.7475,0.034074,29.35
81135,0.7815,0.033989,29.42
81136,0.8154,0.033973,29.44
81137,0.8508,0.035377,28.27
81138,0.8858,0.034992,28.58
81139,0.9196,0.033784,29.60
81140,0.9537,0.034149,29.28
81141,0.9881,0.034350,29.11
81142,1.0225,0.034395,29.07
81143,1.0565,0.034012,29.40
81144,1.0903,0.033853,29.54
81145,1.1243,0.033938,29.47
81146,1.1584,0.034121,29.31
81147,1.1928,0.034380,29.09
81148,1.2243,0.031497,31.75
81149,1.2592,0.034878,28.67
81150,1.2930,0.033852,29.54
81151,1.3273,0.034261,29.19
81152,1.3615,0.034171,29.26
81153,1.3962,0.034737,28.79
81154,1.4307,0.034458,29.02
81155,1.4647,0.034007,29.41
81156,1.4988,0.034127,29.30
81157,1.5327,0.033894,29.50
81158,1.5667,0.033969,29.44
81159,1.6007,0.034062,29.36
81160,1.6351,0.034408,29.06
81161,1.6692,0.034054,29.36
81162,1.7031,0.033983,29.43
81163,1.7372,0.034066,29.35
81164,1.7780,0.040774,24.53
81165,1.8131,0.035149,28.45
81166,1.8465,0.033350,29.99
81167,1.8807,0.034230,29.21
81168,1.9160,0.035315,28.32
81169,1.9495,0.033500,29.85
81170,1.9835,0.034012,29.40
81171,2.0188,0.035252,28.37
81172,2.0533,0.034549,28.94
81173,2.0872,0.033782,29.60
81174,2.1213,0.034192,29.25
81175,2.1550,0.033669,29.70
81176,2.1891,0.034169,29.27
81177,2.2233,0.034157,29.28
81178,2.2577,0.034353,29.11
81179,2.2921,0.034394,29.07
81180,2.3260,0.033947,29.46
81181,2.3603,0.034286,29.17
81182,2.3954,0.035170,28.43
81183,2.4291,0.033672,29.70
81184,2.4633,0.034123,29.31
81185,2.4970,0.033750,29.63
81186,2.5308,0.033729,29.65
81187,2.5644,0.033667,29.70
81188,2.5987,0.034257,29.19
81189,2.6324,0.033778,29.61
81190,2.6669,0.034498,28.99
81191,2.7009,0.033930,29.47
81192,2.7351,0.034225,29.22
81193,2.7689,0.033848,29.54
81194,2.8035,0.034550,28.94
81195,2.8384,0.034950,28.61
81196,2.8735,0.035091,28.50
81197,2.9086,0.035073,28.51
81198,2.9423,0.033662,29.71
81199,2.9757,0.033436,29.91
81200,3.0106,0.034856,28.69
81201,3.0442,0.033632,29.73
81202,3.0781,0.033946,29.46
81203,3.1119,0.033764,29.62
81204,3.1458,0.033870,29.52
81205,3.1796,0.033881,29.51
81206,3.2141,0.034437,29.04
81207,3.2481,0.034044,29.37
81208,3.2823,0.034155,29.28
81209,3.3159,0.033635,29.73
81210,3.3498,0.033855,29.54
81211,3.3850,0.035259,28.36
81212,3.4207,0.035637,28.06
81213,3.4570,0.036327,27.53
81214,3.4927,0.035707,28.01
81215,3.5270,0.034245,29.20
81216,3.5608,0.033817,29.57
81217,3.5942,0.033386,29.95
81218,3.6281,0.033932,29.47
81219,3.6623,0.034189,29.25
81220,3.6968,0.034589,28.91
81221,3.7306,0.033730,29.65
81222,3.7646,0.033961,29.45
81223,3.7982,0.033650,29.72
81224,3.8329,0.034700,28.82
81225,3.8664,0.033502,29.85
81226,3.9014,0.035009,28.56
81227,3.9354,0.034002,29.41
81228,3.9690,0.033569,29.79
81229,4.0031,0.034043,29.37
81230,4.0372,0.034143,29.29
81231,4.0712,0.034050,29.37
81232,4.1053,0.034034,29.38
81233,4.1392,0.033943,29.46
81234,4.1734,0.034190,29.25
81235,4.2072,0.033755,29.62
81236,4.2405,0.033360,29.98
81237,4.2745,0.033951,29.45
81238,4.3097,0.035230,28.38
81239,4.3434,0.033737,29.64
81240,4.3781,0.034599,28.90
81241,4.4119,0.033917,29.48
81242,4.4459,0.033936,29.47
81243,4.4800,0.034074,29.35
81244,4.5139,0.033966,29.44
81245,4.5478,0.033848,29.54
81246,4.5816,0.033837,29.55
81247,4.6158,0.034242,29.20
81248,4.6506,0.034794,28.74
81249,4.6846,0.033917,29.48
81250,4.7190,0.034459,29.02
81251,4.7508,0.031803,31.44
81252,4.7847,0.033896,29.50
81253,4.8188,0.034112,29.32
81254,4.8523,0.033476,29.87
81255,4.8879,0.035589,28.10
81256,4.9219,0.033984,29.43
81257,4.9556,0.033784,29.60
81258,4.9895,0.033875,29.52
81259,5.0212,0.031675,31.57
81260,5.0548,0.033591,29.77
81261,5.0888,0.034012,29.40
81262,5.1234,0.034582,28.92
81263,5.1569,0.033505,29.85
81264,5.1909,0.034037,29.38
81265,5.2249,0.033919,29.48
81266,5.2589,0.033979,29.43
81267,5.2936,0.034762,28.77
81268,5.3279,0.034378,29.09
81269,5.3622,0.034246,29.20
81270,5.3981,0.035934,27.83
81271,5.4323,0.034093,29.33
81272,5.4669,0.034640,28.87
81273,5.5005,0.033646,29.72
81274,5.5349,0.034323,29.13
81275,5.5688,0.033953,29.45
81276,5.6010,0.032196,31.06
81277,5.6347,0.033699,29.67
81278,5.6696,0.034908,28.65
81279,5.7033,0.033720,29.66
81280,5.7374,0.034053,29.37
81281,5.7712,0.033884,29.51
81282,5.8052,0.033918,29.48
81283,5.8367,0.031526,31.72
81284,5.8717,0.034965,28.60
81285,5.9056,0.033881,29.51
81286,5.9392,0.033629,29.74
81287,5.9735,0.034281,29.17
81288,6.0076,0.034149,29.28
81289,6.0415,0.033876,29.52
81290,6.0759,0.034460,29.02
81291,6.1088,0.032841,30.45
81292,6.1430,0.034187,29.25
81293,6.1768,0.033866,29.53
81294,6.2113,0.034437,29.04
81295,6.2459,0.034575,28.92
81296,6.2800,0.034144,29.29
81297,6.3141,0.034124,29.30
81298,6.3481,0.033961,29.45
81299,6.3839,0.035784,27.95
81300,6.4175,0.033661,29.71
81301,6.4516,0.034088,29.34
81302,6.4858,0.034145,29.29
81303,6.5171,0.031344,31.90
81304,6.5513,0.034219,29.22
81305,6.5826,0.031289,31.96
81306,6.6163,0.033691,29.68
81307,6.6502,0.033886,29.51
81308,6.6844,0.034265,29.18
81309,6.7183,0.033832,29.56
81310,6.7523,0.034041,29.38
81311,6.7857,0.033373,29.96
81312,6.8198,0.034149,29.28
81313,6.8538,0.033878,29.52
81314,6.8902,0.036442,27.44
81315,6.9240,0.033785,29.60
81316,6.9587,0.034734,28.79
81317,6.9927,0.034015,29.40
81318,7.0269,0.034193,29.25
81319,7.0608,0.033886,29.51
81320,7.0945,0.033707,29.67
81321,7.1284,0.033861,29.53
81322,7.1624,0.034012,29.40
81323,7.1971,0.034785,28.75
81324,7.2309,0.033732,29.65
81325,7.2649,0.034037,29.38
81326,7.2991,0.034244,29.20
81327,7.3331,0.033923,29.48
81328,7.3669,0.033858,29.54
81329,7.4032,0.036257,27.58
81330,7.4371,0.033896,29.50
81331,7.4711,0.033944,29.46
81332,7.5055,0.034458,29.02
81333,7.5370,0.031536,31.71
81334,7.5709,0.033844,29.55
81335,7.6049,0.034055,29.36
81336,7.6390,0.034046,29.37
81337,7.6722,0.033277,30.05
81338,7.7073,0.035044,28.54
81339,7.7410,0.033703,29.67
81340,7.7751,0.034151,29.28
81341,7.8100,0.034859,28.69
81342,7.8441,0.034065,29.36
81343,7.8789,0.034808,28.73
81344,7.9130,0.034160,29.27
81345,7.9470,0.033950,29.46
81346,7.9811,0.034146,29.29
81347,8.0143,0.033211,30.11
81348,8.0485,0.034097,29.33
81349,8.0820,0.033606,29.76
81350,8.1171,0.035091,28.50
81351,8.1506,0.033483,29.87
81352,8.1848,0.034158,29.28
81353,8.2182,0.033405,29.94
81354,8.2519,0.033690,29.68
81355,8.2858,0.033869,29.53
81356,8.3199,0.034192,29.25
81357,8.3535,0.033561,29.80
81358,8.3886,0.035037,28.54
81359,8.4244,0.035814,27.92
81360,8.4616,0.037231,26.86
81361,8.4973,0.035701,28.01
81362,8.5294,0.032161,31.09
81363,8.5626,0.033157,30.16
81364,8.5965,0.033895,29.50
81365,8.6301,0.033662,29.71
81366,8.6638,0.033643,29.72
81367,8.6986,0.034835,28.71
81368,8.7327,0.034116,29.31
81369,8.7673,0.034588,28.91
81370,8.8011,0.033807,29.58
81371,8.8350,0.033898,29.50
81372,8.8696,0.034532,28.96
81373,8.9018,0.032232,31.03
81374,8.9357,0.033920,29.48
81375,8.9698,0.034115,29.31
81376,9.0040,0.034112,29.32
81377,9.0375,0.033597,29.76
81378,9.0715,0.034004,29.41
81379,9.1054,0.033881,29.52
81380,9.1395,0.034011,29.40
81381,9.1732,0.033775,29.61
81382,9.2073,0.034024,29.39
81383,9.2409,0.033648,29.72
81384,9.2745,0.033617,29.75
81385,9.3085,0.034017,29.40
81386,9.3425,0.034029,29.39
81387,9.3766,0.034035,29.38
81388,9.4110,0.034328,29.13
81389,9.4444,0.033479,29.87
81390,9.4780,0.033596,29.77
81391,9.5119,0.033934,29.47
81392,9.5454,0.033496,29.85
81393,9.5792,0.033737,29.64
81394,9.6135,0.034301,29.15
81395,9.6484,0.034971,28.59
81396,9.6821,0.033640,29.73
81397,9.7161,0.034028,29.39
81398,9.7499,0.033827,29.56
81399,9.7834,0.033498,29.85
81400,9.8174,0.034030,29.39
81401,9.8514,0.033962,29.44
81402,9.8860,0.034566,28.93
81403,9.9199,0.033880,29.52
81404,9.9536,0.033678,29.69
81405,9.9874,0.033871,29.52
