TotalFrame,Time,DeltaTime,FPS
90687,0.0000,0.050905,19.64
90688,0.0000,0.050905,19.64
90689,0.0200,0.020000,50.00
90690,0.0690,0.048856,20.47
90691,0.1162,0.047282,21.15
90692,0.1605,0.044269,22.59
90693,0.2051,0.044667,22.39
90694,0.2495,0.044328,22.56
90695,0.2974,0.047934,20.86
90696,0.3447,0.047377,21.11
90697,0.3923,0.047520,21.04
90698,0.4397,0.047363,21.11
90699,0.4871,0.047400,21.10
90700,0.5344,0.047365,21.11
90701,0.5815,0.047122,21.22
90702,0.6293,0.047746,20.94
90703,0.6748,0.045474,21.99
90704,0.7194,0.044594,22.42
90705,0.7633,0.044002,22.73
90706,0.8094,0.046053,21.71
90707,0.8538,0.044403,22.52
90708,0.8982,0.044384,22.53
90709,0.9452,0.046957,21.30
90710,0.9930,0.047844,20.90
90711,1.0371,0.044104,22.67
90712,1.0815,0.044410,22.52
90713,1.1293,0.047770,20.93
90714,1.1775,0.048183,20.75
90715,1.2256,0.048152,20.77
90716,1.2750,0.049425,20.23
90717,1.3261,0.050957,19.62
90718,1.3763,0.050374,19.85
90719,1.4264,0.050012,20.00
90720,1.4740,0.047653,20.99
90721,1.5228,0.048742,20.52
90722,1.5701,0.047234,21.17
90723,1.6174,0.047399,21.10
90724,1.6650,0.047587,21.01
90725,1.7123,0.047297,21.14
90726,1.7601,0.047810,20.92
90727,1.8084,0.048254,20.72
90728,1.8561,0.047777,20.93
90729,1.9038,0.047716,20.96
90730,1.9514,0.047586,21.01
90731,1.9984,0.046997,21.28
90732,2.0463,0.047847,20.90
90733,2.0941,0.047849,20.90
90734,2.1416,0.047489,21.06
90735,2.1891,0.047520,21.04
90736,2.2365,0.047357,21.12
90737,2.2832,0.046757,21.39
90738,2.3318,0.048532,20.61
90739,2.3809,0.049070,20.38
90740,2.4285,0.047645,20.99
90741,2.4762,0.047662,20.98
90742,2.5236,0.047445,21.08
90743,2.5707,0.047041,21.26
90744,2.6178,0.047124,21.22
90745,2.6652,0.047424,21.09
90746,2.7136,0.048419,20.65
90747,2.7642,0.050595,19.76
90748,2.8116,0.047423,21.09
90749,2.8594,0.047722,20.95
90750,2.9088,0.049479,20.21
90751,2.9561,0.047175,21.20
90752,3.0034,0.047357,21.12
90753,3.0522,0.048850,20.47
90754,3.0994,0.047094,21.23
90755,3.1471,0.047776,20.93
90756,3.1943,0.047261,21.16
90757,3.2417,0.047320,21.13
90758,3.2892,0.047494,21.06
90759,3.3373,0.048162,20.76
90760,3.3850,0.047741,20.95
90761,3.4324,0.047336,21.13
90762,3.4800,0.047586,21.01
90763,3.5277,0.047761,20.94
90764,3.5747,0.046964,21.29
90765,3.6216,0.046863,21.34
90766,3.6685,0.046828,21.35
90767,3.7157,0.047352,21.12
90768,3.7626,0.046790,21.37
90769,3.8104,0.047908,20.87
90770,3.8583,0.047855,20.90
90771,3.9060,0.047696,20.97
90772,3.9534,0.047368,21.11
90773,4.0018,0.048421,20.65
90774,4.0493,0.047537,21.04
90775,4.0966,0.047284,21.15
90776,4.1440,0.047491,21.06
90777,4.1936,0.049462,20.22
90778,4.2422,0.048585,20.58
90779,4.2910,0.048813,20.49
90780,4.3389,0.047894,20.88
90781,4.3865,0.047615,21.00
90782,4.4338,0.047371,21.11
90783,4.4824,0.048587,20.58
90784,4.5295,0.047143,21.21
90785,4.5785,0.048881,20.46
90786,4.6265,0.047954,20.85
90787,4.6748,0.048424,20.65
90788,4.7196,0.044771,22.34
90789,4.7675,0.047814,20.91
90790,4.8162,0.048696,20.54
90791,4.8644,0.048287,20.71
90792,4.9120,0.047576,21.02
90793,4.9596,0.047588,21.01
90794,5.0072,0.047699,20.96
90795,5.0569,0.049596,20.16
90796,5.1040,0.047193,21.19
90797,5.1510,0.046903,21.32
90798,5.2001,0.049099,20.37
90799,5.2443,0.044255,22.60
90800,5.2939,0.049648,20.14
90801,5.3392,0.045336,22.06
90802,5.3871,0.047832,20.91
90803,5.4347,0.047581,21.02
90804,5.4823,0.047588,21.01
90805,5.5297,0.047336,21.13
90806,5.5786,0.048931,20.44
90807,5.6265,0.047854,20.90
90808,5.6738,0.047392,21.10
90809,5.7214,0.047652,20.99
90810,5.7697,0.048168,20.76
90811,5.8185,0.048859,20.47
90812,5.8665,0.047987,20.84
90813,5.9143,0.047889,20.88
90814,5.9614,0.047077,21.24
90815,6.0092,0.047741,20.95
90816,6.0565,0.047308,21.14
90817,6.1036,0.047200,21.19
90818,6.1509,0.047174,21.20
90819,6.1986,0.047707,20.96
90820,6.2462,0.047607,21.01
90821,6.2933,0.047177,21.20
90822,6.3413,0.048003,20.83
90823,6.3889,0.047598,21.01
90824,6.4366,0.047752,20.94
90825,6.4841,0.047471,21.07
90826,6.5316,0.047442,21.08
90827,6.5791,0.047546,21.03
90828,6.6265,0.047314,21.14
90829,6.6740,0.047493,21.06
90830,6.7213,0.047306,21.14
90831,6.7654,0.044147,22.65
90832,6.8093,0.043879,22.79
90833,6.8572,0.047828,20.91
90834,6.9043,0.047164,21.20
90835,6.9496,0.045311,22.07
90836,6.9968,0.047266,21.16
90837,7.0452,0.048301,20.70
90838,7.0925,0.047359,21.12
90839,7.1393,0.046783,21.38
90840,7.1864,0.047046,21.26
90841,7.2336,0.047263,21.16
90842,7.2811,0.047469,21.07
90843,7.3289,0.047731,20.95
90844,7.3743,0.045453,22.00
90845,7.4216,0.047376,21.11
90846,7.4691,0.047477,21.06
90847,7.5161,0.047052,21.25
90848,7.5631,0.046995,21.28
90849,7.6104,0.047189,21.19
90850,7.6577,0.047332,21.13
90851,7.7029,0.045173,22.14
90852,7.7521,0.049269,20.30
90853,7.7979,0.045684,21.89
90854,7.8458,0.047984,20.84
90855,7.8911,0.045294,22.08
90856,7.9390,0.047884,20.88
90857,7.9836,0.044707,22.37
90858,8.0287,0.044971,22.24
90859,8.0765,0.047824,20.91
90860,8.1235,0.047092,21.24
90861,8.1710,0.047395,21.10
90862,8.2180,0.047012,21.27
90863,8.2657,0.047756,20.94
90864,8.3132,0.047448,21.08
90865,8.3616,0.048387,20.67
90866,8.4087,0.047145,21.21
90867,8.4564,0.047656,20.98
90868,8.5046,0.048224,20.74
90869,8.5520,0.047360,21.12
90870,8.5992,0.047329,21.13
90871,8.6495,0.050293,19.88
90872,8.6978,0.048126,20.78
90873,8.7451,0.047366,21.11
90874,8.7921,0.047052,21.25
90875,8.8424,0.050284,19.89
90876,8.8870,0.044539,22.45
90877,8.9349,0.047941,20.86
90878,8.9819,0.047086,21.24
90879,9.0302,0.048219,20.74
90880,9.0774,0.047183,21.19
90881,9.1249,0.047508,21.05
90882,9.1720,0.047119,21.22
90883,9.2192,0.047262,21.16
90884,9.2667,0.047412,21.09
90885,9.3140,0.047310,21.14
90886,9.3650,0.051031,19.60
90887,9.4125,0.047490,21.06
90888,9.4639,0.051351,19.47
90889,9.5114,0.047535,21.04
90890,9.5597,0.048275,20.71
90891,9.6067,0.046971,21.29
90892,9.6538,0.047163,21.20
90893,9.6981,0.044368,22.54
90894,9.7422,0.043997,22.73
90895,9.7889,0.046734,21.40
90896,9.8367,0.047827,20.91
90897,9.8844,0.047616,21.00
90898,9.9316,0.047321,21.13
90899,9.9774,0.045815,21.83
