TotalFrame,Time,DeltaTime,FPS
68183,0.0000,0.025674,38.95
68184,0.0000,0.025674,38.95
68185,0.0200,0.020000,50.00
68186,0.0419,0.021849,45.77
68187,0.0645,0.022668,44.12
68188,0.0870,0.022525,44.40
68189,0.1091,0.022054,45.34
68190,0.1308,0.021686,46.11
68191,0.1544,0.023578,42.41
68192,0.1762,0.021866,45.73
68193,0.1981,0.021885,45.69
68194,0.2198,0.021725,46.03
68195,0.2416,0.021760,45.96
68196,0.2639,0.022294,44.86
68197,0.2857,0.021832,45.80
68198,0.3077,0.021999,45.46
68199,0.3297,0.021950,45.56
68200,0.3513,0.021612,46.27
68201,0.3734,0.022059,45.33
68202,0.3948,0.021516,46.48
68203,0.4166,0.021693,46.10
68204,0.4382,0.021652,46.19
68205,0.4601,0.021880,45.70
68206,0.4828,0.022706,44.04
68207,0.5045,0.021717,46.05
68208,0.5267,0.022148,45.15
68209,0.5484,0.021752,45.97
68210,0.5706,0.022142,45.16
68211,0.5923,0.021787,45.90
68212,0.6143,0.021901,45.66
68213,0.6362,0.021907,45.65
68214,0.6583,0.022089,45.27
68215,0.6798,0.021598,46.30
68216,0.7014,0.021537,46.43
68217,0.7230,0.021635,46.22
68218,0.7454,0.022372,44.70
68219,0.7672,0.021832,45.80
68220,0.7888,0.021586,46.33
68221,0.8106,0.021800,45.87
68222,0.8325,0.021876,45.71
68223,0.8545,0.022002,45.45
68224,0.8760,0.021550,46.40
68225,0.8983,0.022282,44.88
68226,0.9208,0.022486,44.47
68227,0.9425,0.021742,45.99
68228,0.9647,0.022159,45.13
68229,0.9876,0.022928,43.61
68230,1.0098,0.022190,45.07
68231,1.0316,0.021769,45.94
68232,1.0534,0.021804,45.86
68233,1.0750,0.021646,46.20
68234,1.0969,0.021895,45.67
68235,1.1188,0.021881,45.70
68236,1.1411,0.022239,44.97
68237,1.1629,0.021847,45.77
68238,1.1838,0.020857,47.95
68239,1.2062,0.022412,44.62
68240,1.2287,0.022510,44.42
68241,1.2505,0.021837,45.79
68242,1.2726,0.022104,45.24
68243,1.2946,0.021955,45.55
68244,1.3168,0.022279,44.89
68245,1.3394,0.022574,44.30
68246,1.3612,0.021793,45.89
68247,1.3828,0.021593,46.31
68248,1.4042,0.021358,46.82
68249,1.4257,0.021559,46.38
68250,1.4473,0.021520,46.47
68251,1.4694,0.022202,45.04
68252,1.4920,0.022559,44.33
68253,1.5139,0.021908,45.65
68254,1.5355,0.021538,46.43
68255,1.5579,0.022483,44.48
68256,1.5801,0.022222,45.00
68257,1.6022,0.022004,45.45
68258,1.6236,0.021429,46.67
68259,1.6463,0.022698,44.06
68260,1.6691,0.022809,43.84
68261,1.6921,0.023017,43.45
68262,1.7148,0.022651,44.15
68263,1.7377,0.022991,43.50
68264,1.7592,0.021468,46.58
68265,1.7810,0.021779,45.92
68266,1.8030,0.021965,45.53
68267,1.8246,0.021694,46.09
68268,1.8466,0.021872,45.72
68269,1.8685,0.022003,45.45
68270,1.8902,0.021661,46.17
68271,1.9124,0.022145,45.16
68272,1.9340,0.021664,46.16
68273,1.9561,0.022025,45.40
68274,1.9787,0.022643,44.16
68275,2.0001,0.021426,46.67
68276,2.0222,0.022148,45.15
68277,2.0439,0.021658,46.17
68278,2.0656,0.021623,46.25
68279,2.0872,0.021605,46.29
68280,2.1089,0.021801,45.87
68281,2.1315,0.022572,44.30
68282,2.1532,0.021688,46.11
68283,2.1752,0.022018,45.42
68284,2.1977,0.022494,44.46
68285,2.2202,0.022448,44.55
68286,2.2416,0.021512,46.49
68287,2.2632,0.021541,46.42
68288,2.2852,0.021936,45.59
68289,2.3073,0.022086,45.28
68290,2.3292,0.022013,45.43
68291,2.3510,0.021709,46.06
68292,2.3738,0.022850,43.76
68293,2.3961,0.022278,44.89
68294,2.4180,0.021874,45.72
68295,2.4402,0.022297,44.85
68296,2.4619,0.021616,46.26
68297,2.4849,0.023034,43.41
68298,2.5068,0.021849,45.77
68299,2.5281,0.021369,46.80
68300,2.5500,0.021853,45.76
68301,2.5717,0.021665,46.16
68302,2.5934,0.021725,46.03
68303,2.6149,0.021488,46.54
68304,2.6368,0.022024,45.41
68305,2.6590,0.022101,45.25
68306,2.6806,0.021665,46.16
68307,2.7032,0.022551,44.34
68308,2.7248,0.021613,46.27
68309,2.7462,0.021411,46.71
68310,2.7679,0.021748,45.98
68311,2.7896,0.021682,46.12
68312,2.8111,0.021480,46.55
68313,2.8330,0.021904,45.65
68314,2.8552,0.022131,45.19
68315,2.8779,0.022706,44.04
68316,2.9006,0.022771,43.92
68317,2.9224,0.021790,45.89
68318,2.9440,0.021553,46.40
68319,2.9664,0.022381,44.68
68320,2.9888,0.022494,44.46
68321,3.0110,0.022129,45.19
68322,3.0327,0.021682,46.12
68323,3.0545,0.021859,45.75
68324,3.0768,0.022328,44.79
68325,3.0989,0.022071,45.31
68326,3.1205,0.021555,46.39
68327,3.1419,0.021462,46.59
68328,3.1639,0.021922,45.62
68329,3.1867,0.022859,43.75
68330,3.2073,0.020637,48.46
68331,3.2294,0.022024,45.41
68332,3.2512,0.021787,45.90
68333,3.2730,0.021820,45.83
68334,3.2947,0.021765,45.95
68335,3.3163,0.021604,46.29
68336,3.3381,0.021724,46.03
68337,3.3598,0.021724,46.03
68338,3.3815,0.021733,46.01
68339,3.4030,0.021400,46.73
68340,3.4254,0.022471,44.50
68341,3.4474,0.022063,45.32
68342,3.4702,0.022745,43.97
68343,3.4919,0.021725,46.03
68344,3.5139,0.021977,45.50
68345,3.5363,0.022315,44.81
68346,3.5578,0.021594,46.31
68347,3.5795,0.021704,46.08
68348,3.6012,0.021678,46.13
68349,3.6226,0.021350,46.84
68350,3.6443,0.021820,45.83
68351,3.6664,0.022033,45.39
68352,3.6883,0.021910,45.64
68353,3.7101,0.021738,46.00
68354,3.7318,0.021677,46.13
68355,3.7536,0.021887,45.69
68356,3.7753,0.021701,46.08
68357,3.7971,0.021830,45.81
68358,3.8190,0.021804,45.86
68359,3.8417,0.022750,43.96
68360,3.8632,0.021503,46.51
68361,3.8848,0.021555,46.39
68362,3.9069,0.022111,45.23
68363,3.9284,0.021543,46.42
68364,3.9502,0.021768,45.94
68365,3.9730,0.022830,43.80
68366,3.9954,0.022410,44.62
68367,4.0155,0.020108,49.73
68368,4.0373,0.021744,45.99
68369,4.0587,0.021378,46.78
68370,4.0804,0.021743,45.99
68371,4.1022,0.021777,45.92
68372,4.1237,0.021496,46.52
68373,4.1456,0.021977,45.50
68374,4.1675,0.021926,45.61
68375,4.1895,0.021870,45.73
68376,4.2115,0.022020,45.41
68377,4.2341,0.022641,44.17
68378,4.2557,0.021628,46.24
68379,4.2784,0.022688,44.08
68380,4.3000,0.021617,46.26
68381,4.3213,0.021240,47.08
68382,4.3428,0.021590,46.32
68383,4.3646,0.021746,45.98
68384,4.3862,0.021584,46.33
68385,4.4079,0.021722,46.04
68386,4.4296,0.021643,46.20
68387,4.4509,0.021394,46.74
68388,4.4739,0.022994,43.49
68389,4.4957,0.021732,46.01
68390,4.5177,0.022011,45.43
68391,4.5395,0.021779,45.92
68392,4.5613,0.021815,45.84
68393,4.5829,0.021694,46.10
68394,4.6049,0.021939,45.58
68395,4.6266,0.021673,46.14
68396,4.6484,0.021761,45.95
68397,4.6709,0.022554,44.34
68398,4.6929,0.022018,45.42
68399,4.7146,0.021681,46.12
68400,4.7366,0.021942,45.58
68401,4.7585,0.021976,45.50
68402,4.7799,0.021375,46.78
68403,4.8016,0.021670,46.15
68404,4.8232,0.021670,46.15
68405,4.8450,0.021725,46.03
68406,4.8670,0.022070,45.31
68407,4.8888,0.021751,45.97
68408,4.9105,0.021713,46.06
68409,4.9320,0.021499,46.51
68410,4.9538,0.021814,45.84
68411,4.9769,0.023093,43.30
68412,4.9990,0.022058,45.34
68413,5.0209,0.021936,45.59
68414,5.0428,0.021863,45.74
68415,5.0646,0.021813,45.85
68416,5.0862,0.021614,46.27
68417,5.1082,0.021983,45.49
68418,5.1298,0.021628,46.24
68419,5.1517,0.021929,45.60
68420,5.1732,0.021422,46.68
68421,5.1949,0.021762,45.95
68422,5.2170,0.022161,45.12
68423,5.2369,0.019822,50.45
68424,5.2589,0.021941,45.58
68425,5.2807,0.021900,45.66
68426,5.3026,0.021903,45.66
68427,5.3242,0.021599,46.30
68428,5.3460,0.021798,45.88
68429,5.3682,0.022206,45.03
68430,5.3898,0.021578,46.34
68431,5.4115,0.021688,46.11
68432,5.4333,0.021772,45.93
68433,5.4550,0.021727,46.03
68434,5.4780,0.022964,43.55
68435,5.4999,0.021936,45.59
68436,5.5220,0.022135,45.18
68437,5.5437,0.021639,46.21
68438,5.5657,0.022001,45.45
68439,5.5876,0.021907,45.65
68440,5.6092,0.021637,46.22
68441,5.6329,0.023660,42.27
68442,5.6556,0.022731,43.99
68443,5.6777,0.022039,45.37
68444,5.6997,0.022041,45.37
68445,5.7214,0.021771,45.93
68446,5.7435,0.022030,45.39
68447,5.7653,0.021804,45.86
68448,5.7874,0.022076,45.30
68449,5.8092,0.021847,45.77
68450,5.8308,0.021585,46.33
68451,5.8526,0.021790,45.89
68452,5.8745,0.021947,45.56
68453,5.8962,0.021697,46.09
68454,5.9180,0.021716,46.05
68455,5.9398,0.021815,45.84
68456,5.9614,0.021572,46.36
68457,5.9847,0.023419,42.70
68458,6.0066,0.021865,45.73
68459,6.0293,0.022652,44.15
68460,6.0511,0.021873,45.72
68461,6.0726,0.021513,46.48
68462,6.0942,0.021517,46.48
68463,6.1160,0.021865,45.74
68464,6.1375,0.021430,46.66
68465,6.1593,0.021858,45.75
68466,6.1810,0.021704,46.07
68467,6.2023,0.021312,46.92
68468,6.2245,0.022166,45.11
68469,6.2461,0.021602,46.29
68470,6.2681,0.021958,45.54
68471,6.2901,0.022053,45.34
68472,6.3116,0.021485,46.54
68473,6.3331,0.021496,46.52
68474,6.3547,0.021653,46.18
68475,6.3767,0.021980,45.50
68476,6.3984,0.021647,46.20
68477,6.4201,0.021696,46.09
68478,6.4439,0.023797,42.02
68479,6.4661,0.022235,44.97
68480,6.4889,0.022771,43.91
68481,6.5109,0.021990,45.48
68482,6.5327,0.021832,45.80
68483,6.5543,0.021549,46.41
68484,6.5756,0.021332,46.88
68485,6.5973,0.021683,46.12
68486,6.6189,0.021655,46.18
68487,6.6411,0.022171,45.10
68488,6.6646,0.023518,42.52
68489,6.6865,0.021928,45.60
68490,6.7090,0.022463,44.52
68491,6.7318,0.022787,43.89
68492,6.7538,0.022038,45.38
68493,6.7751,0.021340,46.86
68494,6.7968,0.021669,46.15
68495,6.8184,0.021577,46.35
68496,6.8400,0.021565,46.37
68497,6.8616,0.021580,46.34
68498,6.8883,0.026716,37.43
68499,6.9141,0.025769,38.81
68500,6.9381,0.024072,41.54
68501,6.9615,0.023371,42.79
68502,6.9835,0.022010,45.43
68503,7.0066,0.023062,43.36
68504,7.0289,0.022335,44.77
68505,7.0509,0.021993,45.47
68506,7.0724,0.021566,46.37
68507,7.0939,0.021386,46.76
68508,7.1156,0.021756,45.96
68509,7.1377,0.022076,45.30
68510,7.1594,0.021687,46.11
68511,7.1813,0.021921,45.62
68512,7.2031,0.021795,45.88
68513,7.2249,0.021791,45.89
68514,7.2471,0.022262,44.92
68515,7.2695,0.022352,44.74
68516,7.2914,0.021926,45.61
68517,7.3132,0.021851,45.76
68518,7.3354,0.022217,45.01
68519,7.3575,0.021987,45.48
68520,7.3791,0.021622,46.25
68521,7.4010,0.021904,45.65
68522,7.4227,0.021684,46.12
68523,7.4447,0.022056,45.34
68524,7.4666,0.021827,45.82
68525,7.4883,0.021770,45.93
68526,7.5101,0.021787,45.90
68527,7.5338,0.023728,42.14
68528,7.5555,0.021689,46.11
68529,7.5774,0.021846,45.78
68530,7.5991,0.021721,46.04
68531,7.6207,0.021604,46.29
68532,7.6425,0.021770,45.93
68533,7.6644,0.021943,45.57
68534,7.6863,0.021869,45.73
68535,7.7081,0.021799,45.87
68536,7.7297,0.021671,46.14
68537,7.7520,0.022228,44.99
68538,7.7739,0.021888,45.69
68539,7.7955,0.021631,46.23
68540,7.8172,0.021733,46.01
68541,7.8391,0.021856,45.75
68542,7.8610,0.021882,45.70
68543,7.8826,0.021682,46.12
68544,7.9044,0.021705,46.07
68545,7.9268,0.022437,44.57
68546,7.9493,0.022490,44.46
68547,7.9711,0.021852,45.76
68548,7.9932,0.022003,45.45
68549,8.0150,0.021808,45.85
68550,8.0379,0.022956,43.56
68551,8.0602,0.022293,44.86
68552,8.0819,0.021732,46.02
68553,8.1037,0.021746,45.99
68554,8.1252,0.021584,46.33
68555,8.1470,0.021730,46.02
68556,8.1686,0.021640,46.21
68557,8.1905,0.021838,45.79
68558,8.2127,0.022274,44.89
68559,8.2346,0.021794,45.88
68560,8.2567,0.022114,45.22
68561,8.2783,0.021644,46.20
68562,8.3002,0.021973,45.51
68563,8.3223,0.021981,45.49
68564,8.3436,0.021385,46.76
68565,8.3655,0.021859,45.75
68566,8.3871,0.021604,46.29
68567,8.4089,0.021874,45.72
68568,8.4306,0.021655,46.18
68569,8.4526,0.022031,45.39
68570,8.4744,0.021788,45.90
68571,8.4962,0.021694,46.10
68572,8.5187,0.022530,44.39
68573,8.5402,0.021515,46.48
68574,8.5620,0.021847,45.77
68575,8.5837,0.021643,46.21
68576,8.6054,0.021744,45.99
68577,8.6270,0.021599,46.30
68578,8.6487,0.021685,46.12
68579,8.6701,0.021413,46.70
68580,8.6918,0.021748,45.98
68581,8.7136,0.021732,46.01
68582,8.7353,0.021703,46.08
68583,8.7571,0.021869,45.73
68584,8.7791,0.021937,45.58
68585,8.8008,0.021779,45.92
68586,8.8226,0.021682,46.12
68587,8.8442,0.021605,46.29
68588,8.8661,0.021931,45.60
68589,8.8879,0.021835,45.80
68590,8.9100,0.022075,45.30
68591,8.9315,0.021517,46.48
68592,8.9532,0.021728,46.02
68593,8.9747,0.021505,46.50
68594,8.9968,0.022079,45.29
68595,9.0184,0.021559,46.38
68596,9.0413,0.022890,43.69
68597,9.0636,0.022327,44.79
68598,9.0851,0.021499,46.51
68599,9.1068,0.021647,46.19
68600,9.1285,0.021757,45.96
68601,9.1508,0.022281,44.88
68602,9.1726,0.021802,45.87
68603,9.1960,0.023443,42.66
68604,9.2178,0.021736,46.01
68605,9.2397,0.021949,45.56
68606,9.2610,0.021249,47.06
68607,9.2833,0.022381,44.68
68608,9.3050,0.021626,46.24
68609,9.3275,0.022539,44.37
68610,9.3500,0.022499,44.45
68611,9.3730,0.023028,43.43
68612,9.3955,0.022462,44.52
68613,9.4182,0.022718,44.02
68614,9.4399,0.021659,46.17
68615,9.4616,0.021728,46.02
68616,9.4843,0.022619,44.21
68617,9.5067,0.022490,44.46
68618,9.5310,0.024310,41.14
68619,9.5536,0.022583,44.28
68620,9.5754,0.021782,45.91
68621,9.5974,0.021947,45.56
68622,9.6188,0.021461,46.60
68623,9.6404,0.021595,46.31
68624,9.6624,0.022021,45.41
68625,9.6858,0.023390,42.75
68626,9.7072,0.021386,46.76
68627,9.7290,0.021801,45.87
68628,9.7507,0.021753,45.97
68629,9.7725,0.021689,46.11
68630,9.7941,0.021704,46.07
68631,9.8157,0.021611,46.27
68632,9.8375,0.021711,46.06
68633,9.8591,0.021700,46.08
68634,9.8808,0.021668,46.15
68635,9.9028,0.021945,45.57
68636,9.9246,0.021858,45.75
68637,9.9467,0.022038,45.38
68638,9.9683,0.021572,46.36
68639,9.9904,0.022096,45.26
