TotalFrame,Time,DeltaTime,FPS
94316,0.0000,0.056955,17.56
94317,0.0000,0.056955,17.56
94318,0.0200,0.020000,50.00
94319,0.0751,0.055030,18.17
94320,0.1301,0.055159,18.13
94321,0.1855,0.055396,18.05
94322,0.2369,0.051313,19.49
94323,0.2908,0.053853,18.57
94324,0.3453,0.054566,18.33
94325,0.3995,0.054206,18.45
94326,0.4543,0.054802,18.25
94327,0.5079,0.053669,18.63
94328,0.5629,0.054858,18.23
94329,0.6207,0.057943,17.26
94330,0.6748,0.054066,18.50
94331,0.7296,0.054744,18.27
94332,0.7841,0.054515,18.34
94333,0.8387,0.054647,18.30
94334,0.8923,0.053577,18.66
94335,0.9459,0.053622,18.65
94336,1.0001,0.054215,18.45
94337,1.0536,0.053388,18.73
94338,1.1074,0.053811,18.58
94339,1.1580,0.050643,19.75
94340,1.2122,0.054186,18.45
94341,1.2627,0.050521,19.79
94342,1.3171,0.054418,18.38
94343,1.3711,0.053945,18.54
94344,1.4249,0.053872,18.56
94345,1.4783,0.053350,18.74
94346,1.5321,0.053789,18.59
94347,1.5856,0.053538,18.68
94348,1.6395,0.053912,18.55
94349,1.6896,0.050072,19.97
94350,1.7435,0.053907,18.55
94351,1.7974,0.053899,18.55
94352,1.8519,0.054474,18.36
94353,1.9061,0.054181,18.46
94354,1.9596,0.053526,18.68
94355,2.0132,0.053638,18.64
94356,2.0675,0.054316,18.41
94357,2.1193,0.051735,19.33
94358,2.1731,0.053812,18.58
94359,2.2262,0.053147,18.82
94360,2.2777,0.051495,19.42
94361,2.3358,0.058085,17.22
94362,2.3896,0.053841,18.57
94363,2.4432,0.053627,18.65
94364,2.4976,0.054242,18.44
94365,2.5472,0.049753,20.10
94366,2.5974,0.050152,19.94
94367,2.6512,0.053775,18.60
94368,2.7019,0.050640,19.75
94369,2.7556,0.053733,18.61
94370,2.8091,0.053529,18.68
94371,2.8647,0.055583,17.99
94372,2.9183,0.053674,18.63
94373,2.9688,0.050398,19.84
94374,3.0232,0.054393,18.38
94375,3.0769,0.053745,18.61
94376,3.1309,0.053952,18.54
94377,3.1846,0.053721,18.61
94378,3.2383,0.053749,18.60
94379,3.2896,0.051235,19.52
94380,3.3455,0.055839,17.91
94381,3.3998,0.054350,18.40
94382,3.4534,0.053582,18.66
94383,3.5071,0.053727,18.61
94384,3.5623,0.055192,18.12
94385,3.6163,0.054051,18.50
94386,3.6699,0.053677,18.63
94387,3.7235,0.053533,18.68
94388,3.7772,0.053665,18.63
94389,3.8320,0.054793,18.25
94390,3.8860,0.053995,18.52
94391,3.9398,0.053877,18.56
94392,3.9937,0.053852,18.57
94393,4.0474,0.053655,18.64
94394,4.1011,0.053705,18.62
94395,4.1552,0.054068,18.50
94396,4.2087,0.053669,18.63
94397,4.2625,0.053703,18.62
94398,4.3165,0.054030,18.51
94399,4.3710,0.054501,18.35
94400,4.4246,0.053577,18.66
94401,4.4780,0.053410,18.72
94402,4.5316,0.053628,18.65
94403,4.5854,0.053835,18.58
94404,4.6394,0.053946,18.54
94405,4.6932,0.053868,18.56
94406,4.7471,0.053779,18.59
94407,4.8011,0.054100,18.48
94408,4.8555,0.054251,18.43
94409,4.9093,0.053853,18.57
94410,4.9631,0.053832,18.58
94411,5.0170,0.053904,18.55
94412,5.0708,0.053758,18.60
94413,5.1257,0.054958,18.20
94414,5.1794,0.053755,18.60
94415,5.2336,0.054136,18.47
94416,5.2875,0.053848,18.57
94417,5.3390,0.051544,19.40
94418,5.3927,0.053694,18.62
94419,5.4463,0.053636,18.64
94420,5.5000,0.053618,18.65
94421,5.5503,0.050345,19.86
94422,5.6039,0.053632,18.65
94423,5.6578,0.053934,18.54
94424,5.7134,0.055460,18.03
94425,5.7671,0.053823,18.58
94426,5.8173,0.050100,19.96
94427,5.8704,0.053147,18.82
94428,5.9241,0.053727,18.61
94429,5.9781,0.054052,18.50
94430,6.0281,0.049934,20.03
94431,6.0818,0.053637,18.64
94432,6.1337,0.051873,19.28
94433,6.1836,0.049917,20.03
94434,6.2368,0.053330,18.75
94435,6.2891,0.052148,19.18
94436,6.3429,0.053904,18.55
94437,6.3949,0.051929,19.26
94438,6.4482,0.053368,18.74
94439,6.5017,0.053518,18.69
94440,6.5522,0.050473,19.81
94441,6.6061,0.053876,18.56
94442,6.6609,0.054843,18.23
94443,6.7183,0.057335,17.44
94444,6.7734,0.055193,18.12
94445,6.8271,0.053679,18.63
94446,6.8820,0.054796,18.25
94447,6.9321,0.050216,19.91
94448,6.9862,0.054122,18.48
94449,7.0403,0.054023,18.51
94450,7.0942,0.053946,18.54
94451,7.1450,0.050726,19.71
94452,7.1953,0.050309,19.88
94453,7.2451,0.049873,20.05
94454,7.2987,0.053615,18.65
94455,7.3528,0.054010,18.52
94456,7.4083,0.055585,17.99
94457,7.4668,0.058488,17.10
94458,7.5293,0.062513,16.00
94459,7.5880,0.058615,17.06
94460,7.6456,0.057658,17.34
94461,7.7019,0.056338,17.75
94462,7.7527,0.050715,19.72
94463,7.8098,0.057152,17.50
94464,7.8660,0.056077,17.83
94465,7.9176,0.051656,19.36
94466,7.9703,0.052802,18.94
94467,8.0297,0.059279,16.87
94468,8.0902,0.060525,16.52
94469,8.1411,0.050918,19.64
94470,8.1948,0.053724,18.61
94471,8.2507,0.055947,17.87
94472,8.3060,0.055271,18.09
94473,8.3615,0.055370,18.06
94474,8.4163,0.054844,18.23
94475,8.4696,0.053414,18.72
94476,8.5233,0.053677,18.63
94477,8.5768,0.053440,18.71
94478,8.6300,0.053249,18.78
94479,8.6804,0.050452,19.82
94480,8.7343,0.053796,18.59
94481,8.7881,0.053771,18.60
94482,8.8383,0.050176,19.93
94483,8.8927,0.054509,18.35
94484,8.9459,0.053193,18.80
94485,8.9977,0.051789,19.31
94486,9.0491,0.051375,19.46
94487,9.1022,0.053102,18.83
94488,9.1555,0.053315,18.76
94489,9.2091,0.053625,18.65
94490,9.2631,0.053957,18.53
94491,9.3176,0.054515,18.34
94492,9.3723,0.054718,18.28
94493,9.4233,0.051031,19.60
94494,9.4766,0.053253,18.78
94495,9.5303,0.053738,18.61
94496,9.5839,0.053517,18.69
94497,9.6383,0.054404,18.38
94498,9.6921,0.053900,18.55
94499,9.7457,0.053539,18.68
94500,9.7993,0.053606,18.65
94501,9.8527,0.053397,18.73
94502,9.9075,0.054726,18.27
94503,9.9620,0.054560,18.33
