TotalFrame,Time,DeltaTime,FPS
96338,0.0000,0.060381,16.56
96339,0.0000,0.060381,16.56
96340,0.0200,0.020000,50.00
96341,0.0784,0.058318,17.15
96342,0.1379,0.059598,16.78
96343,0.1940,0.056057,17.84
96344,0.2494,0.055465,18.03
96345,0.3103,0.060867,16.43
96346,0.3702,0.059921,16.69
96347,0.4265,0.056246,17.78
96348,0.4824,0.055976,17.86
96349,0.5389,0.056503,17.70
96350,0.6001,0.061129,16.36
96351,0.6558,0.055626,17.98
96352,0.7114,0.055724,17.95
96353,0.7676,0.056173,17.80
96354,0.8234,0.055730,17.94
96355,0.8795,0.056190,17.80
96356,0.9353,0.055812,17.92
96357,0.9912,0.055819,17.92
96358,1.0514,0.060250,16.60
96359,1.1111,0.059673,16.76
96360,1.1671,0.056039,17.84
96361,1.2269,0.059768,16.73
96362,1.2871,0.060155,16.62
96363,1.3470,0.059984,16.67
96364,1.4071,0.060065,16.65
96365,1.4668,0.059738,16.74
96366,1.5266,0.059717,16.75
96367,1.5870,0.060471,16.54
96368,1.6469,0.059788,16.73
96369,1.7063,0.059502,16.81
96370,1.7657,0.059487,16.81
96371,1.8213,0.055505,18.02
96372,1.8779,0.056576,17.68
96373,1.9374,0.059491,16.81
96374,1.9937,0.056233,17.78
96375,2.0538,0.060232,16.60
96376,2.1104,0.056480,17.71
96377,2.1703,0.059957,16.68
96378,2.2299,0.059585,16.78
96379,2.2897,0.059795,16.72
96380,2.3494,0.059750,16.74
96381,2.4095,0.060129,16.63
96382,2.4690,0.059417,16.83
96383,2.5308,0.061796,16.18
96384,2.5916,0.060812,16.44
96385,2.6516,0.060022,16.66
96386,2.7113,0.059715,16.75
96387,2.7712,0.059961,16.68
96388,2.8311,0.059828,16.71
96389,2.8864,0.055267,18.09
96390,2.9464,0.060011,16.66
96391,3.0063,0.059993,16.67
96392,3.0696,0.063269,15.81
96393,3.1306,0.060995,16.39
96394,3.1898,0.059230,16.88
96395,3.2498,0.059936,16.68
96396,3.3099,0.060178,16.62
96397,3.3696,0.059646,16.77
96398,3.4301,0.060448,16.54
96399,3.4895,0.059419,16.83
96400,3.5499,0.060438,16.55
96401,3.6104,0.060454,16.54
96402,3.6720,0.061572,16.24
96403,3.7323,0.060329,16.58
96404,3.7952,0.062924,15.89
96405,3.8582,0.062959,15.88
96406,3.9180,0.059832,16.71
96407,3.9736,0.055607,17.98
96408,4.0337,0.060092,16.64
96409,4.0923,0.058543,17.08
96410,4.1484,0.056194,17.80
96411,4.2078,0.059336,16.85
96412,4.2671,0.059342,16.85
96413,4.3225,0.055391,18.05
96414,4.3785,0.056053,17.84
96415,4.4382,0.059662,16.76
96416,4.4980,0.059849,16.71
96417,4.5582,0.060199,16.61
96418,4.6198,0.061480,16.27
96419,4.6750,0.055336,18.07
96420,4.7305,0.055446,18.04
96421,4.7869,0.056298,17.76
96422,4.8439,0.057003,17.54
96423,4.9001,0.056277,17.77
96424,4.9573,0.057129,17.50
96425,5.0171,0.059906,16.69
96426,5.0771,0.059998,16.67
96427,5.1367,0.059556,16.79
96428,5.1965,0.059838,16.71
96429,5.2528,0.056253,17.78
96430,5.3087,0.055910,17.89
96431,5.3652,0.056498,17.70
96432,5.4220,0.056789,17.61
96433,5.4919,0.070011,14.28
96434,5.5480,0.055959,17.87
96435,5.6075,0.059635,16.77
96436,5.6671,0.059542,16.79
96437,5.7267,0.059528,16.80
96438,5.7864,0.059715,16.75
96439,5.8455,0.059154,16.91
96440,5.9056,0.060101,16.64
96441,5.9656,0.059933,16.69
96442,6.0255,0.059979,16.67
96443,6.0857,0.060206,16.61
96444,6.1460,0.060316,16.58
96445,6.2062,0.060161,16.62
96446,6.2661,0.059900,16.69
96447,6.3261,0.059899,16.69
96448,6.3813,0.055362,18.06
96449,6.4424,0.061055,16.38
96450,6.5023,0.059908,16.69
96451,6.5624,0.060082,16.64
96452,6.6221,0.059673,16.76
96453,6.6823,0.060160,16.62
96454,6.7418,0.059545,16.79
96455,6.8037,0.061928,16.15
96456,6.8632,0.059441,16.82
96457,6.9230,0.059766,16.73
96458,6.9825,0.059674,16.76
96459,7.0385,0.055794,17.92
96460,7.0961,0.057694,17.33
96461,7.1526,0.056476,17.71
96462,7.2098,0.057246,17.47
96463,7.2692,0.059402,16.83
96464,7.3289,0.059628,16.77
96465,7.3888,0.059914,16.69
96466,7.4489,0.060105,16.64
96467,7.5085,0.059672,16.76
96468,7.5687,0.060242,16.60
96469,7.6283,0.059536,16.80
96470,7.6881,0.059766,16.73
96471,7.7477,0.059611,16.78
96472,7.8075,0.059822,16.72
96473,7.8677,0.060123,16.63
96474,7.9281,0.060446,16.54
96475,7.9875,0.059505,16.81
96476,8.0476,0.060037,16.66
96477,8.1077,0.060005,16.67
96478,8.1689,0.061359,16.30
96479,8.2349,0.065919,15.17
96480,8.2986,0.063626,15.72
96481,8.3544,0.055789,17.92
96482,8.4142,0.059899,16.69
96483,8.4717,0.057401,17.42
96484,8.5314,0.059729,16.74
96485,8.5881,0.056739,17.62
96486,8.6481,0.059977,16.67
96487,8.7079,0.059816,16.72
96488,8.7672,0.059388,16.84
96489,8.8281,0.060808,16.45
96490,8.8851,0.057043,17.53
96491,8.9417,0.056475,17.71
96492,9.0012,0.059589,16.78
96493,9.0575,0.056278,17.77
96494,9.1140,0.056527,17.69
96495,9.1700,0.056045,17.84
96496,9.2296,0.059523,16.80
96497,9.2853,0.055677,17.96
96498,9.3450,0.059784,16.73
96499,9.4047,0.059594,16.78
96500,9.4612,0.056526,17.69
96501,9.5168,0.055721,17.95
96502,9.5729,0.056003,17.86
96503,9.6283,0.055469,18.03
96504,9.6880,0.059624,16.77
96505,9.7438,0.055773,17.93
96506,9.8032,0.059553,16.79
96507,9.8589,0.055544,18.00
96508,9.9142,0.055413,18.05
96509,9.9736,0.059345,16.85
