TotalFrame,Time,DeltaTime,FPS
83684,0.0000,0.039961,25.02
83685,0.0000,0.039961,25.02
83686,0.0200,0.020000,50.00
83687,0.0576,0.037535,26.64
83688,0.0951,0.037469,26.69
83689,0.1318,0.036811,27.17
83690,0.1693,0.037525,26.65
83691,0.2067,0.037325,26.79
83692,0.2439,0.037174,26.90
83693,0.2814,0.037550,26.63
83694,0.3184,0.036964,27.05
83695,0.3551,0.036765,27.20
83696,0.3925,0.037340,26.78
83697,0.4298,0.037337,26.78
83698,0.4669,0.037052,26.99
83699,0.5040,0.037151,26.92
83700,0.5444,0.040462,24.71
83701,0.5836,0.039104,25.57
83702,0.6240,0.040448,24.72
83703,0.6638,0.039795,25.13
83704,0.7024,0.038542,25.95
83705,0.7432,0.040829,24.49
83706,0.7833,0.040155,24.90
83707,0.8236,0.040217,24.87
83708,0.8629,0.039354,25.41
83709,0.9031,0.040204,24.87
83710,0.9410,0.037951,26.35
83711,0.9832,0.042126,23.74
83712,1.0205,0.037331,26.79
83713,1.0607,0.040137,24.91
83714,1.0991,0.038497,25.98
83715,1.1370,0.037788,26.46
83716,1.1772,0.040257,24.84
83717,1.2162,0.038947,25.68
83718,1.2548,0.038580,25.92
83719,1.2925,0.037785,26.47
83720,1.3311,0.038483,25.99
83721,1.3690,0.038021,26.30
83722,1.4088,0.039766,25.15
83723,1.4519,0.043145,23.18
83724,1.4927,0.040709,24.56
83725,1.5348,0.042112,23.75
83726,1.5748,0.040114,24.93
83727,1.6123,0.037386,26.75
83728,1.6510,0.038727,25.82
83729,1.6880,0.037002,27.03
83730,1.7258,0.037837,26.43
83731,1.7640,0.038172,26.20
83732,1.8010,0.037047,26.99
83733,1.8405,0.039375,25.40
83734,1.8754,0.034883,28.67
83735,1.9161,0.040875,24.46
83736,1.9554,0.039235,25.49
83737,1.9928,0.037330,26.79
83738,2.0304,0.037631,26.57
83739,2.0676,0.037245,26.85
83740,2.1051,0.037474,26.69
83741,2.1420,0.036923,27.08
83742,2.1793,0.037353,26.77
83743,2.2170,0.037636,26.57
83744,2.2539,0.036952,27.06
83745,2.2914,0.037388,26.75
83746,2.3304,0.039076,25.59
83747,2.3650,0.034614,28.89
83748,2.4027,0.037689,26.53
83749,2.4393,0.036547,27.36
83750,2.4758,0.036585,27.33
83751,2.5129,0.037048,26.99
83752,2.5500,0.037152,26.92
83753,2.5873,0.037259,26.84
83754,2.6244,0.037112,26.95
83755,2.6633,0.038952,25.67
83756,2.7014,0.038035,26.29
83757,2.7383,0.036829,27.15
83758,2.7753,0.037062,26.98
83759,2.8119,0.036539,27.37
83760,2.8490,0.037198,26.88
83761,2.8870,0.037960,26.34
83762,2.9252,0.038143,26.22
83763,2.9631,0.037993,26.32
83764,3.0004,0.037172,26.90
83765,3.0371,0.036740,27.22
83766,3.0742,0.037148,26.92
83767,3.1110,0.036769,27.20
83768,3.1483,0.037349,26.77
83769,3.1866,0.038308,26.10
83770,3.2238,0.037100,26.95
83771,3.2606,0.036944,27.07
83772,3.2981,0.037426,26.72
83773,3.3353,0.037250,26.85
83774,3.3721,0.036680,27.26
83775,3.4095,0.037567,26.62
83776,3.4462,0.036585,27.33
83777,3.4827,0.036435,27.45
83778,3.5195,0.036898,27.10
83779,3.5568,0.037212,26.87
83780,3.5948,0.038112,26.24
83781,3.6323,0.037429,26.72
83782,3.6721,0.039814,25.12
83783,3.7098,0.037733,26.50
83784,3.7465,0.036699,27.25
83785,3.7834,0.036902,27.10
83786,3.8202,0.036811,27.17
83787,3.8572,0.036929,27.08
83788,3.8939,0.036725,27.23
83789,3.9308,0.036936,27.07
83790,3.9678,0.036998,27.03
83791,4.0057,0.037927,26.37
83792,4.0437,0.037970,26.34
83793,4.0831,0.039387,25.39
83794,4.1198,0.036677,27.27
83795,4.1571,0.037368,26.76
83796,4.1949,0.037748,26.49
83797,4.2318,0.036877,27.12
83798,4.2688,0.037021,27.01
83799,4.3053,0.036527,27.38
83800,4.3400,0.034635,28.87
83801,4.3767,0.036813,27.16
83802,4.4137,0.036970,27.05
83803,4.4507,0.036990,27.03
83804,4.4878,0.037072,26.97
83805,4.5242,0.036321,27.53
83806,4.5608,0.036676,27.27
83807,4.5977,0.036871,27.12
83808,4.6344,0.036703,27.25
83809,4.6719,0.037562,26.62
83810,4.7091,0.037118,26.94
83811,4.7435,0.034479,29.00
83812,4.7802,0.036659,27.28
83813,4.8180,0.037843,26.42
83814,4.8546,0.036540,27.37
83815,4.8917,0.037101,26.95
83816,4.9287,0.036995,27.03
83817,4.9655,0.036784,27.19
83818,5.0022,0.036761,27.20
83819,5.0392,0.037025,27.01
83820,5.0761,0.036830,27.15
83821,5.1138,0.037715,26.51
83822,5.1505,0.036713,27.24
83823,5.1886,0.038096,26.25
83824,5.2256,0.036948,27.06
83825,5.2601,0.034634,28.87
83826,5.2953,0.035154,28.45
83827,5.3329,0.037518,26.65
83828,5.3677,0.034791,28.74
83829,5.4045,0.036860,27.13
83830,5.4418,0.037281,26.82
83831,5.4790,0.037188,26.89
83832,5.5159,0.036912,27.09
83833,5.5531,0.037265,26.83
83834,5.5901,0.036903,27.10
83835,5.6273,0.037316,26.80
83836,5.6646,0.037230,26.86
83837,5.7024,0.037777,26.47
83838,5.7394,0.036955,27.06
83839,5.7762,0.036965,27.05
83840,5.8135,0.037209,26.88
83841,5.8506,0.037147,26.92
83842,5.8875,0.036799,27.18
83843,5.9240,0.036483,27.41
83844,5.9608,0.036859,27.13
83845,5.9988,0.038011,26.31
83846,6.0359,0.037074,26.97
83847,6.0740,0.038061,26.27
83848,6.1107,0.036791,27.18
83849,6.1477,0.037024,27.01
83850,6.1852,0.037433,26.71
83851,6.2220,0.036897,27.10
83852,6.2596,0.037618,26.58
83853,6.2975,0.037745,26.49
83854,6.3347,0.037267,26.83
83855,6.3717,0.037046,26.99
83856,6.4086,0.036846,27.14
83857,6.4465,0.037973,26.33
83858,6.4841,0.037526,26.65
83859,6.5211,0.037055,26.99
83860,6.5581,0.036906,27.10
83861,6.5935,0.035464,28.20
83862,6.6310,0.037449,26.70
83863,6.6699,0.039000,25.64
83864,6.7075,0.037567,26.62
83865,6.7446,0.037149,26.92
83866,6.7826,0.037898,26.39
83867,6.8196,0.037043,27.00
83868,6.8568,0.037213,26.87
83869,6.8937,0.036802,27.17
83870,6.9301,0.036440,27.44
83871,6.9668,0.036667,27.27
83872,7.0038,0.037048,26.99
83873,7.0485,0.044661,22.39
83874,7.0876,0.039146,25.55
83875,7.1234,0.035791,27.94
83876,7.1605,0.037095,26.96
83877,7.1984,0.037857,26.42
83878,7.2354,0.037052,26.99
83879,7.2731,0.037676,26.54
83880,7.3114,0.038366,26.06
83881,7.3490,0.037539,26.64
83882,7.3856,0.036652,27.28
83883,7.4226,0.037020,27.01
83884,7.4596,0.036934,27.08
83885,7.4968,0.037290,26.82
83886,7.5348,0.037915,26.38
83887,7.5717,0.036916,27.09
83888,7.6093,0.037512,26.66
83889,7.6504,0.041226,24.26
83890,7.6906,0.040137,24.91
83891,7.7341,0.043545,22.96
83892,7.7769,0.042700,23.42
83893,7.8185,0.041669,24.00
83894,7.8551,0.036646,27.29
83895,7.8933,0.038120,26.23
83896,7.9313,0.037995,26.32
83897,7.9694,0.038073,26.27
83898,8.0060,0.036684,27.26
83899,8.0436,0.037530,26.65
83900,8.0809,0.037344,26.78
83901,8.1177,0.036843,27.14
83902,8.1549,0.037214,26.87
83903,8.1929,0.037930,26.36
83904,8.2311,0.038200,26.18
83905,8.2693,0.038261,26.14
83906,8.3058,0.036443,27.44
83907,8.3430,0.037233,26.86
83908,8.3799,0.036832,27.15
83909,8.4166,0.036834,27.15
83910,8.4540,0.037358,26.77
83911,8.4911,0.037073,26.97
83912,8.5282,0.037085,26.97
83913,8.5657,0.037480,26.68
83914,8.6046,0.038972,25.66
83915,8.6420,0.037312,26.80
83916,8.6792,0.037267,26.83
83917,8.7173,0.038125,26.23
83918,8.7544,0.037066,26.98
83919,8.7916,0.037230,26.86
83920,8.8285,0.036796,27.18
83921,8.8657,0.037272,26.83
83922,8.9023,0.036675,27.27
83923,8.9393,0.036970,27.05
83924,8.9763,0.037006,27.02
83925,9.0129,0.036640,27.29
83926,9.0499,0.036878,27.12
83927,9.0868,0.036913,27.09
83928,9.1237,0.036863,27.13
83929,9.1605,0.036918,27.09
83930,9.1982,0.037707,26.52
83931,9.2371,0.038795,25.78
83932,9.2756,0.038556,25.94
83933,9.3127,0.037170,26.90
83934,9.3507,0.037923,26.37
83935,9.3894,0.038626,25.89
83936,9.4277,0.038379,26.06
83937,9.4652,0.037445,26.71
83938,9.5034,0.038209,26.17
83939,9.5413,0.037921,26.37
83940,9.5787,0.037417,26.73
83941,9.6163,0.037566,26.62
83942,9.6530,0.036627,27.30
83943,9.6912,0.038274,26.13
83944,9.7291,0.037969,26.34
83945,9.7664,0.037228,26.86
83946,9.8033,0.036981,27.04
83947,9.8403,0.037001,27.03
83948,9.8778,0.037490,26.67
83949,9.9148,0.036986,27.04
83950,9.9518,0.036955,27.06
83951,9.9886,0.036907,27.10
