TotalFrame,Time,DeltaTime,FPS
79259,0.0000,0.034986,28.58
79260,0.0000,0.034986,28.58
79261,0.0200,0.020000,50.00
79262,0.0519,0.031893,31.35
79263,0.0834,0.031508,31.74
79264,0.1149,0.031500,31.75
79265,0.1473,0.032365,30.90
79266,0.1789,0.031618,31.63
79267,0.2106,0.031721,31.53
79268,0.2423,0.031703,31.54
79269,0.2741,0.031797,31.45
79270,0.3057,0.031629,31.62
79271,0.3392,0.033472,29.88
79272,0.3708,0.031601,31.64
79273,0.4041,0.033208,30.11
79274,0.4355,0.031491,31.76
79275,0.4672,0.031637,31.61
79276,0.4987,0.031553,31.69
79277,0.5306,0.031893,31.36
79278,0.5629,0.032302,30.96
79279,0.5962,0.033270,30.06
79280,0.6279,0.031682,31.56
79281,0.6605,0.032585,30.69
79282,0.6924,0.032020,31.23
79283,0.7248,0.032335,30.93
79284,0.7570,0.032176,31.08
79285,0.7898,0.032847,30.44
79286,0.8212,0.031359,31.89
79287,0.8539,0.032687,30.59
79288,0.8865,0.032695,30.59
79289,0.9199,0.033379,29.96
79290,0.9512,0.031210,32.04
79291,0.9827,0.031591,31.65
79292,1.0151,0.032369,30.89
79293,1.0463,0.031196,32.06
79294,1.0775,0.031163,32.09
79295,1.1096,0.032082,31.17
79296,1.1422,0.032664,30.61
79297,1.1738,0.031554,31.69
79298,1.2053,0.031529,31.72
79299,1.2372,0.031956,31.29
79300,1.2692,0.031968,31.28
79301,1.3015,0.032308,30.95
79302,1.3326,0.031043,32.21
79303,1.3642,0.031635,31.61
79304,1.3962,0.031992,31.26
79305,1.4290,0.032755,30.53
79306,1.4614,0.032451,30.82
79307,1.4929,0.031498,31.75
79308,1.5245,0.031625,31.62
79309,1.5558,0.031328,31.92
79310,1.5873,0.031498,31.75
79311,1.6187,0.031335,31.91
79312,1.6516,0.032856,30.44
79313,1.6836,0.032080,31.17
79314,1.7159,0.032249,31.01
79315,1.7474,0.031595,31.65
79316,1.7792,0.031695,31.55
79317,1.8109,0.031771,31.48
79318,1.8423,0.031383,31.86
79319,1.8741,0.031808,31.44
79320,1.9063,0.032192,31.06
79321,1.9394,0.033052,30.26
79322,1.9704,0.031022,32.23
79323,2.0035,0.033161,30.16
79324,2.0349,0.031300,31.95
79325,2.0676,0.032705,30.58
79326,2.0993,0.031719,31.53
79327,2.1318,0.032498,30.77
79328,2.1633,0.031505,31.74
79329,2.1945,0.031214,32.04
79330,2.2245,0.029970,33.37
79331,2.2561,0.031619,31.63
79332,2.2878,0.031716,31.53
79333,2.3195,0.031681,31.56
79334,2.3513,0.031816,31.43
79335,2.3828,0.031457,31.79
79336,2.4143,0.031547,31.70
79337,2.4457,0.031417,31.83
79338,2.4775,0.031754,31.49
79339,2.5090,0.031474,31.77
79340,2.5412,0.032247,31.01
79341,2.5726,0.031364,31.88
79342,2.6039,0.031367,31.88
79343,2.6365,0.032545,30.73
79344,2.6686,0.032113,31.14
79345,2.7003,0.031658,31.59
79346,2.7326,0.032357,30.91
79347,2.7643,0.031760,31.49
79348,2.7958,0.031390,31.86
79349,2.8274,0.031617,31.63
79350,2.8587,0.031365,31.88
79351,2.8904,0.031627,31.62
79352,2.9229,0.032499,30.77
79353,2.9542,0.031341,31.91
79354,2.9854,0.031230,32.02
79355,3.0167,0.031296,31.95
79356,3.0485,0.031738,31.51
79357,3.0800,0.031546,31.70
79358,3.1110,0.030973,32.29
79359,3.1433,0.032330,30.93
79360,3.1750,0.031712,31.53
79361,3.2065,0.031482,31.76
79362,3.2367,0.030191,33.12
79363,3.2685,0.031787,31.46
79364,3.2997,0.031268,31.98
79365,3.3311,0.031374,31.87
79366,3.3631,0.031955,31.29
79367,3.3947,0.031548,31.70
79368,3.4278,0.033184,30.14
79369,3.4594,0.031550,31.70
79370,3.4915,0.032093,31.16
79371,3.5234,0.031901,31.35
79372,3.5551,0.031783,31.46
79373,3.5870,0.031842,31.41
79374,3.6186,0.031601,31.64
79375,3.6511,0.032526,30.75
79376,3.6827,0.031631,31.61
79377,3.7142,0.031456,31.79
79378,3.7459,0.031745,31.50
79379,3.7776,0.031623,31.62
79380,3.8088,0.031254,32.00
79381,3.8413,0.032472,30.80
79382,3.8738,0.032511,30.76
79383,3.9053,0.031476,31.77
79384,3.9371,0.031818,31.43
79385,3.9687,0.031585,31.66
79386,4.0002,0.031537,31.71
79387,4.0320,0.031849,31.40
79388,4.0638,0.031727,31.52
79389,4.0953,0.031558,31.69
79390,4.1265,0.031138,32.12
79391,4.1590,0.032503,30.77
79392,4.1903,0.031323,31.93
79393,4.2218,0.031522,31.72
79394,4.2534,0.031607,31.64
79395,4.2860,0.032547,30.73
79396,4.3174,0.031488,31.76
79397,4.3492,0.031740,31.51
79398,4.3806,0.031353,31.90
79399,4.4121,0.031566,31.68
79400,4.4454,0.033233,30.09
79401,4.4765,0.031131,32.12
79402,4.5081,0.031555,31.69
79403,4.5396,0.031516,31.73
79404,4.5713,0.031714,31.53
79405,4.6024,0.031163,32.09
79406,4.6337,0.031303,31.95
79407,4.6681,0.034334,29.13
79408,4.6997,0.031639,31.61
79409,4.7315,0.031759,31.49
79410,4.7630,0.031517,31.73
79411,4.7952,0.032254,31.00
79412,4.8344,0.039180,25.52
79413,4.8705,0.036100,27.70
79414,4.9037,0.033132,30.18
79415,4.9354,0.031690,31.56
79416,4.9671,0.031724,31.52
79417,4.9986,0.031496,31.75
79418,5.0297,0.031116,32.14
79419,5.0612,0.031498,31.75
79420,5.0923,0.031101,32.15
79421,5.1238,0.031487,31.76
79422,5.1597,0.035895,27.86
79423,5.1914,0.031717,31.53
79424,5.2231,0.031686,31.56
79425,5.2545,0.031471,31.78
79426,5.2860,0.031491,31.76
79427,5.3185,0.032421,30.84
79428,5.3502,0.031725,31.52
79429,5.3818,0.031575,31.67
79430,5.4135,0.031787,31.46
79431,5.4451,0.031514,31.73
79432,5.4767,0.031622,31.62
79433,5.5083,0.031635,31.61
79434,5.5398,0.031483,31.76
79435,5.5731,0.033356,29.98
79436,5.6042,0.031016,32.24
79437,5.6357,0.031489,31.76
79438,5.6678,0.032217,31.04
79439,5.6994,0.031541,31.70
79440,5.7317,0.032261,31.00
79441,5.7636,0.031891,31.36
79442,5.7955,0.031889,31.36
79443,5.8270,0.031535,31.71
79444,5.8586,0.031586,31.66
79445,5.8902,0.031633,31.61
79446,5.9213,0.031065,32.19
79447,5.9530,0.031711,31.53
79448,5.9855,0.032472,30.80
79449,6.0176,0.032138,31.12
79450,6.0486,0.031029,32.23
79451,6.0803,0.031661,31.58
79452,6.1118,0.031467,31.78
79453,6.1443,0.032511,30.76
79454,6.1766,0.032314,30.95
79455,6.2082,0.031639,31.61
79456,6.2401,0.031812,31.43
79457,6.2718,0.031795,31.45
79458,6.3031,0.031278,31.97
79459,6.3346,0.031472,31.77
79460,6.3659,0.031352,31.90
79461,6.3978,0.031917,31.33
79462,6.4293,0.031494,31.75
79463,6.4606,0.031260,31.99
79464,6.4925,0.031891,31.36
79465,6.5241,0.031620,31.63
79466,6.5556,0.031512,31.73
79467,6.5879,0.032268,30.99
79468,6.6192,0.031336,31.91
79469,6.6506,0.031371,31.88
79470,6.6841,0.033476,29.87
79471,6.7155,0.031403,31.84
79472,6.7469,0.031405,31.84
79473,6.7789,0.032044,31.21
79474,6.8110,0.032050,31.20
79475,6.8425,0.031547,31.70
79476,6.8735,0.031030,32.23
79477,6.9052,0.031633,31.61
79478,6.9379,0.032721,30.56
79479,6.9706,0.032750,30.53
79480,7.0042,0.033512,29.84
79481,7.0364,0.032266,30.99
79482,7.0678,0.031358,31.89
79483,7.1000,0.032236,31.02
79484,7.1311,0.031086,32.17
79485,7.1632,0.032131,31.12
79486,7.1950,0.031769,31.48
79487,7.2275,0.032521,30.75
79488,7.2593,0.031807,31.44
79489,7.2906,0.031248,32.00
79490,7.3219,0.031317,31.93
79491,7.3533,0.031381,31.87
79492,7.3848,0.031488,31.76
79493,7.4159,0.031147,32.11
79494,7.4472,0.031283,31.97
79495,7.4791,0.031858,31.39
79496,7.5104,0.031307,31.94
79497,7.5417,0.031347,31.90
79498,7.5731,0.031439,31.81
79499,7.6050,0.031849,31.40
79500,7.6366,0.031624,31.62
79501,7.6693,0.032607,30.67
79502,7.7009,0.031673,31.57
79503,7.7326,0.031685,31.56
79504,7.7653,0.032734,30.55
79505,7.7981,0.032801,30.49
79506,7.8295,0.031354,31.89
79507,7.8615,0.032053,31.20
79508,7.8938,0.032277,30.98
79509,7.9257,0.031865,31.38
79510,7.9574,0.031739,31.51
79511,7.9893,0.031833,31.41
79512,8.0209,0.031698,31.55
79513,8.0528,0.031847,31.40
79514,8.0840,0.031276,31.97
79515,8.1157,0.031574,31.67
79516,8.1468,0.031153,32.10
79517,8.1804,0.033565,29.79
79518,8.2119,0.031561,31.68
79519,8.2434,0.031521,31.72
79520,8.2756,0.032156,31.10
79521,8.3071,0.031522,31.72
79522,8.3384,0.031319,31.93
79523,8.3701,0.031685,31.56
79524,8.4018,0.031663,31.58
79525,8.4329,0.031120,32.13
79526,8.4644,0.031431,31.82
79527,8.4957,0.031395,31.85
79528,8.5274,0.031663,31.58
79529,8.5594,0.031993,31.26
79530,8.5916,0.032148,31.11
79531,8.6230,0.031540,31.71
79532,8.6557,0.032607,30.67
79533,8.6874,0.031729,31.52
79534,8.7200,0.032536,30.73
79535,8.7515,0.031549,31.70
79536,8.7845,0.033038,30.27
79537,8.8135,0.028959,34.53
79538,8.8448,0.031331,31.92
79539,8.8764,0.031610,31.64
79540,8.9076,0.031141,32.11
79541,8.9368,0.029221,34.22
79542,8.9686,0.031819,31.43
79543,9.0013,0.032697,30.58
79544,9.0327,0.031340,31.91
79545,9.0655,0.032841,30.45
79546,9.0970,0.031589,31.66
79547,9.1286,0.031551,31.70
79548,9.1596,0.031008,32.25
79549,9.1935,0.033911,29.49
79550,9.2255,0.031926,31.32
79551,9.2571,0.031631,31.61
79552,9.2890,0.031889,31.36
79553,9.3203,0.031287,31.96
79554,9.3516,0.031274,31.98
79555,9.3831,0.031524,31.72
79556,9.4146,0.031536,31.71
79557,9.4464,0.031832,31.41
79558,9.4777,0.031216,32.04
79559,9.5103,0.032599,30.68
79560,9.5424,0.032109,31.14
79561,9.5739,0.031460,31.79
79562,9.6053,0.031485,31.76
79563,9.6368,0.031487,31.76
79564,9.6689,0.032077,31.18
79565,9.7004,0.031487,31.76
79566,9.7316,0.031235,32.02
79567,9.7630,0.031379,31.87
79568,9.7950,0.032085,31.17
79569,9.8272,0.032125,31.13
79570,9.8588,0.031563,31.68
79571,9.8904,0.031677,31.57
79572,9.9236,0.033145,30.17
79573,9.9553,0.031683,31.56
79574,9.9868,0.031503,31.74
