TotalFrame,Time,DeltaTime,FPS
97858,0.0000,0.066241,15.10
97859,0.0000,0.066241,15.10
97860,0.0200,0.020000,50.00
97861,0.0781,0.058096,17.21
97862,0.1367,0.058619,17.06
97863,0.1953,0.058588,17.07
97864,0.2534,0.058076,17.22
97865,0.3158,0.062367,16.03
97866,0.3783,0.062465,16.01
97867,0.4382,0.059935,16.68
97868,0.5023,0.064160,15.59
97869,0.5615,0.059146,16.91
97870,0.6238,0.062342,16.04
97871,0.6899,0.066083,15.13
97872,0.7516,0.061639,16.22
97873,0.8180,0.066445,15.05
97874,0.8813,0.063405,15.77
97875,0.9413,0.059879,16.70
97876,1.0004,0.059043,16.94
97877,1.0585,0.058156,17.20
97878,1.1171,0.058567,17.07
97879,1.1799,0.062924,15.89
97880,1.2437,0.063679,15.70
97881,1.3018,0.058172,17.19
97882,1.3647,0.062923,15.89
97883,1.4233,0.058578,17.07
97884,1.4818,0.058439,17.11
97885,1.5398,0.058054,17.23
97886,1.5980,0.058244,17.17
97887,1.6572,0.059159,16.90
97888,1.7162,0.058991,16.95
97889,1.7791,0.062816,15.92
97890,1.8412,0.062186,16.08
97891,1.9036,0.062388,16.03
97892,1.9618,0.058235,17.17
97893,2.0216,0.059733,16.74
97894,2.0814,0.059856,16.71
97895,2.1405,0.059030,16.94
97896,2.1991,0.058620,17.06
97897,2.2584,0.059335,16.85
97898,2.3209,0.062543,15.99
97899,2.3833,0.062376,16.03
97900,2.4427,0.059398,16.84
97901,2.5054,0.062634,15.97
97902,2.5677,0.062438,16.02
97903,2.6324,0.064623,15.47
97904,2.6953,0.062859,15.91
97905,2.7631,0.067735,14.76
97906,2.8271,0.064137,15.59
97907,2.8918,0.064687,15.46
97908,2.9568,0.064988,15.39
97909,3.0211,0.064281,15.56
97910,3.0851,0.063952,15.64
97911,3.1501,0.065129,15.35
97912,3.2139,0.063683,15.70
97913,3.2769,0.063013,15.87
97914,3.3434,0.066450,15.05
97915,3.4060,0.062670,15.96
97916,3.4718,0.065797,15.20
97917,3.5356,0.063802,15.67
97918,3.6003,0.064782,15.44
97919,3.6624,0.061949,16.14
97920,3.7223,0.059920,16.69
97921,3.7848,0.062560,15.98
97922,3.8481,0.063342,15.79
97923,3.9114,0.063245,15.81
97924,3.9764,0.065023,15.38
97925,4.0392,0.062786,15.93
97926,4.1017,0.062467,16.01
97927,4.1639,0.062274,16.06
97928,4.2268,0.062925,15.89
97929,4.2854,0.058511,17.09
97930,4.3480,0.062702,15.95
97931,4.4105,0.062502,16.00
97932,4.4733,0.062696,15.95
97933,4.5356,0.062313,16.05
97934,4.5978,0.062234,16.07
97935,4.6609,0.063041,15.86
97936,4.7211,0.060242,16.60
97937,4.7839,0.062848,15.91
97938,4.8467,0.062687,15.95
97939,4.9097,0.063042,15.86
97940,4.9723,0.062620,15.97
97941,5.0349,0.062598,15.97
97942,5.0970,0.062176,16.08
97943,5.1549,0.057869,17.28
97944,5.2172,0.062264,16.06
97945,5.2776,0.060429,16.55
97946,5.3402,0.062561,15.98
97947,5.3993,0.059129,16.91
97948,5.4647,0.065448,15.28
97949,5.5249,0.060102,16.64
97950,5.5881,0.063208,15.82
97951,5.6525,0.064337,15.54
97952,5.7148,0.062393,16.03
97953,5.7804,0.065633,15.24
97954,5.8434,0.062940,15.89
97955,5.9058,0.062428,16.02
97956,5.9678,0.061958,16.14
97957,6.0304,0.062673,15.96
97958,6.0929,0.062437,16.02
97959,6.1558,0.062838,15.91
97960,6.2190,0.063285,15.80
97961,6.2882,0.069193,14.45
97962,6.3579,0.069747,14.34
97963,6.4235,0.065535,15.26
97964,6.4877,0.064143,15.59
97965,6.5480,0.060315,16.58
97966,6.6108,0.062905,15.90
97967,6.6698,0.058931,16.97
97968,6.7305,0.060675,16.48
97969,6.7932,0.062739,15.94
97970,6.8574,0.064171,15.58
97971,6.9177,0.060397,16.56
97972,6.9764,0.058641,17.05
97973,7.0421,0.065745,15.21
97974,7.1042,0.062153,16.09
97975,7.1670,0.062733,15.94
97976,7.2296,0.062551,15.99
97977,7.2882,0.058678,17.04
97978,7.3478,0.059548,16.79
97979,7.4110,0.063262,15.81
97980,7.4736,0.062521,15.99
97981,7.5364,0.062752,15.94
97982,7.5950,0.058594,17.07
97983,7.6575,0.062562,15.98
97984,7.7205,0.062944,15.89
97985,7.7810,0.060591,16.50
97986,7.8403,0.059315,16.86
97987,7.9026,0.062286,16.05
97988,7.9672,0.064537,15.49
97989,8.0261,0.058945,16.97
97990,8.0889,0.062755,15.93
97991,8.1476,0.058710,17.03
97992,8.2061,0.058449,17.11
97993,8.2651,0.059138,16.91
97994,8.3278,0.062638,15.96
97995,8.3922,0.064436,15.52
97996,8.4503,0.058112,17.21
97997,8.5122,0.061904,16.15
97998,8.5770,0.064770,15.44
97999,8.6399,0.062839,15.91
98000,8.7040,0.064112,15.60
98001,8.7675,0.063505,15.75
98002,8.8312,0.063710,15.70
98003,8.8936,0.062420,16.02
98004,8.9562,0.062585,15.98
98005,9.0183,0.062124,16.10
98006,9.0808,0.062440,16.02
98007,9.1431,0.062283,16.06
98008,9.2051,0.062084,16.11
98009,9.2689,0.063778,15.68
98010,9.3307,0.061725,16.20
98011,9.3887,0.058064,17.22
98012,9.4470,0.058351,17.14
98013,9.5081,0.061030,16.39
98014,9.5659,0.057789,17.30
98015,9.6244,0.058507,17.09
98016,9.6842,0.059808,16.72
98017,9.7426,0.058320,17.15
98018,9.8025,0.059942,16.68
98019,9.8606,0.058102,17.21
98020,9.9235,0.062902,15.90
98021,9.9865,0.063005,15.87
