TotalFrame,Time,DeltaTime,FPS
88458,0.0000,0.046682,21.42
88459,0.0000,0.046682,21.42
88460,0.0200,0.020000,50.00
88461,0.0653,0.045253,22.10
88462,0.1104,0.045052,22.20
88463,0.1525,0.042050,23.78
88464,0.1959,0.043557,22.96
88465,0.2394,0.043473,23.00
88466,0.2827,0.043279,23.11
88467,0.3276,0.044902,22.27
88468,0.3708,0.043254,23.12
88469,0.4149,0.044001,22.73
88470,0.4585,0.043612,22.93
88471,0.5021,0.043620,22.93
88472,0.5458,0.043668,22.90
88473,0.5892,0.043453,23.01
88474,0.6327,0.043450,23.02
88475,0.6761,0.043489,22.99
88476,0.7195,0.043354,23.07
88477,0.7628,0.043283,23.10
88478,0.8059,0.043077,23.21
88479,0.8492,0.043361,23.06
88480,0.8927,0.043461,23.01
88481,0.9391,0.046351,21.57
88482,0.9794,0.040328,24.80
88483,1.0227,0.043349,23.07
88484,1.0671,0.044368,22.54
88485,1.1115,0.044359,22.54
88486,1.1549,0.043463,23.01
88487,1.1984,0.043506,22.99
88488,1.2416,0.043210,23.14
88489,1.2871,0.045445,22.00
88490,1.3308,0.043767,22.85
88491,1.3741,0.043268,23.11
88492,1.4183,0.044274,22.59
88493,1.4619,0.043563,22.96
88494,1.5055,0.043581,22.95
88495,1.5526,0.047113,21.23
88496,1.5970,0.044392,22.53
88497,1.6427,0.045620,21.92
88498,1.6887,0.046117,21.68
88499,1.7333,0.044543,22.45
88500,1.7780,0.044697,22.37
88501,1.8217,0.043660,22.90
88502,1.8652,0.043521,22.98
88503,1.9093,0.044074,22.69
88504,1.9529,0.043594,22.94
88505,1.9962,0.043341,23.07
88506,2.0406,0.044454,22.49
88507,2.0859,0.045333,22.06
88508,2.1295,0.043586,22.94
88509,2.1746,0.045039,22.20
88510,2.2179,0.043241,23.13
88511,2.2612,0.043338,23.07
88512,2.3046,0.043355,23.07
88513,2.3491,0.044602,22.42
88514,2.3927,0.043530,22.97
88515,2.4363,0.043628,22.92
88516,2.4799,0.043553,22.96
88517,2.5260,0.046124,21.68
88518,2.5697,0.043703,22.88
88519,2.6129,0.043238,23.13
88520,2.6564,0.043465,23.01
88521,2.6998,0.043407,23.04
88522,2.7434,0.043638,22.92
88523,2.7881,0.044659,22.39
88524,2.8314,0.043325,23.08
88525,2.8750,0.043627,22.92
88526,2.9202,0.045085,22.18
88527,2.9635,0.043393,23.05
88528,3.0068,0.043351,23.07
88529,3.0521,0.045306,22.07
88530,3.0961,0.043897,22.78
88531,3.1409,0.044770,22.34
88532,3.1840,0.043148,23.18
88533,3.2268,0.042822,23.35
88534,3.2700,0.043226,23.13
88535,3.3136,0.043498,22.99
88536,3.3562,0.042708,23.42
88537,3.4000,0.043768,22.85
88538,3.4453,0.045320,22.07
88539,3.4884,0.043036,23.24
88540,3.5328,0.044483,22.48
88541,3.5762,0.043272,23.11
88542,3.6211,0.044913,22.27
88543,3.6643,0.043321,23.08
88544,3.7072,0.042822,23.35
88545,3.7502,0.043088,23.21
88546,3.7941,0.043741,22.86
88547,3.8376,0.043578,22.95
88548,3.8809,0.043293,23.10
88549,3.9247,0.043812,22.82
88550,3.9684,0.043731,22.87
88551,4.0116,0.043224,23.14
88552,4.0570,0.045298,22.08
88553,4.1018,0.044828,22.31
88554,4.1453,0.043466,23.01
88555,4.1887,0.043460,23.01
88556,4.2321,0.043317,23.09
88557,4.2753,0.043255,23.12
88558,4.3188,0.043588,22.94
88559,4.3623,0.043421,23.03
88560,4.4071,0.044774,22.33
88561,4.4506,0.043558,22.96
88562,4.4951,0.044549,22.45
88563,4.5393,0.044168,22.64
88564,4.5829,0.043583,22.94
88565,4.6270,0.044062,22.70
88566,4.6707,0.043618,22.93
88567,4.7169,0.046265,21.61
88568,4.7617,0.044905,22.27
88569,4.8075,0.045741,21.86
88570,4.8507,0.043261,23.12
88571,4.8943,0.043578,22.95
88572,4.9381,0.043719,22.87
88573,4.9816,0.043502,22.99
88574,5.0256,0.044049,22.70
88575,5.0697,0.044036,22.71
88576,5.1158,0.046183,21.65
88577,5.1604,0.044590,22.43
88578,5.2039,0.043453,23.01
88579,5.2472,0.043349,23.07
88580,5.2902,0.042903,23.31
88581,5.3339,0.043744,22.86
88582,5.3770,0.043084,23.21
88583,5.4208,0.043849,22.81
88584,5.4657,0.044870,22.29
88585,5.5095,0.043867,22.80
88586,5.5543,0.044780,22.33
88587,5.5981,0.043864,22.80
88588,5.6422,0.044028,22.71
88589,5.6870,0.044806,22.32
88590,5.7300,0.042932,23.29
88591,5.7740,0.044103,22.67
88592,5.8193,0.045259,22.10
88593,5.8627,0.043411,23.04
88594,5.9094,0.046727,21.40
88595,5.9574,0.047912,20.87
88596,6.0029,0.045516,21.97
88597,6.0479,0.044960,22.24
88598,6.0911,0.043248,23.12
88599,6.1344,0.043307,23.09
88600,6.1777,0.043354,23.07
88601,6.2209,0.043262,23.11
88602,6.2642,0.043190,23.15
88603,6.3076,0.043387,23.05
88604,6.3524,0.044847,22.30
88605,6.3959,0.043426,23.03
88606,6.4398,0.043966,22.74
88607,6.4839,0.044006,22.72
88608,6.5278,0.043975,22.74
88609,6.5724,0.044627,22.41
88610,6.6163,0.043939,22.76
88611,6.6604,0.044008,22.72
88612,6.7035,0.043137,23.18
88613,6.7466,0.043010,23.25
88614,6.7897,0.043198,23.15
88615,6.8333,0.043579,22.95
88616,6.8765,0.043209,23.14
88617,6.9198,0.043346,23.07
88618,6.9630,0.043110,23.20
88619,7.0073,0.044411,22.52
88620,7.0509,0.043581,22.95
88621,7.0948,0.043849,22.81
88622,7.1403,0.045426,22.01
88623,7.1838,0.043563,22.96
88624,7.2267,0.042916,23.30
88625,7.2701,0.043447,23.02
88626,7.3140,0.043816,22.82
88627,7.3579,0.043920,22.77
88628,7.4014,0.043431,23.02
88629,7.4463,0.044975,22.23
88630,7.4895,0.043253,23.12
88631,7.5333,0.043778,22.84
88632,7.5770,0.043674,22.90
88633,7.6204,0.043305,23.09
88634,7.6641,0.043747,22.86
88635,7.7076,0.043565,22.95
88636,7.7509,0.043273,23.11
88637,7.7955,0.044609,22.42
88638,7.8384,0.042894,23.31
88639,7.8820,0.043502,22.99
88640,7.9252,0.043312,23.09
88641,7.9684,0.043192,23.15
88642,8.0114,0.042950,23.28
88643,8.0562,0.044766,22.34
88644,8.0996,0.043472,23.00
88645,8.1427,0.043119,23.19
88646,8.1858,0.043111,23.20
88647,8.2299,0.044074,22.69
88648,8.2733,0.043360,23.06
88649,8.3165,0.043329,23.08
88650,8.3604,0.043828,22.82
88651,8.4042,0.043764,22.85
88652,8.4456,0.041433,24.14
88653,8.4894,0.043809,22.83
88654,8.5331,0.043658,22.91
88655,8.5773,0.044197,22.63
88656,8.6207,0.043467,23.01
88657,8.6646,0.043763,22.85
88658,8.7075,0.043068,23.22
88659,8.7509,0.043237,23.13
88660,8.7939,0.043188,23.15
88661,8.8368,0.042748,23.39
88662,8.8801,0.043411,23.04
88663,8.9236,0.043431,23.03
88664,8.9669,0.043346,23.07
88665,9.0111,0.044178,22.64
88666,9.0553,0.044203,22.62
88667,9.0988,0.043448,23.02
88668,9.1425,0.043736,22.86
88669,9.1860,0.043524,22.98
88670,9.2289,0.042860,23.33
88671,9.2720,0.043050,23.23
88672,9.3151,0.043174,23.16
88673,9.3584,0.043307,23.09
88674,9.4021,0.043657,22.91
88675,9.4456,0.043489,22.99
88676,9.4889,0.043302,23.09
88677,9.5320,0.043112,23.20
88678,9.5758,0.043834,22.81
88679,9.6190,0.043249,23.12
88680,9.6622,0.043218,23.14
88681,9.7057,0.043376,23.05
88682,9.7489,0.043299,23.10
88683,9.7919,0.042966,23.27
88684,9.8375,0.045553,21.95
88685,9.8804,0.042939,23.29
88686,9.9240,0.043603,22.93
88687,9.9677,0.043668,22.90
