TotalFrame,Time,DeltaTime,FPS
90901,0.0000,0.051119,19.56
90902,0.0000,0.051119,19.56
90903,0.0200,0.020000,50.00
90904,0.0682,0.048234,20.73
90905,0.1155,0.047238,21.17
90906,0.1635,0.047987,20.84
90907,0.2078,0.044287,22.58
90908,0.2521,0.044306,22.57
90909,0.3000,0.047948,20.86
90910,0.3444,0.044311,22.57
90911,0.3918,0.047472,21.06
90912,0.4393,0.047482,21.06
90913,0.4872,0.047912,20.87
90914,0.5349,0.047662,20.98
90915,0.5851,0.050214,19.91
90916,0.6328,0.047739,20.95
90917,0.6772,0.044479,22.48
90918,0.7216,0.044303,22.57
90919,0.7690,0.047481,21.06
90920,0.8130,0.043937,22.76
90921,0.8602,0.047222,21.18
90922,0.9080,0.047704,20.96
90923,0.9518,0.043849,22.81
90924,0.9990,0.047241,21.17
90925,1.0465,0.047478,21.06
90926,1.0947,0.048246,20.73
90927,1.1420,0.047269,21.16
90928,1.1864,0.044378,22.53
90929,1.2339,0.047491,21.06
90930,1.2814,0.047489,21.06
90931,1.3289,0.047448,21.08
90932,1.3784,0.049619,20.15
90933,1.4261,0.047736,20.95
90934,1.4739,0.047680,20.97
90935,1.5215,0.047623,21.00
90936,1.5696,0.048122,20.78
90937,1.6169,0.047310,21.14
90938,1.6643,0.047409,21.09
90939,1.7131,0.048849,20.47
90940,1.7606,0.047480,21.06
90941,1.8081,0.047440,21.08
90942,1.8556,0.047557,21.03
90943,1.9048,0.049170,20.34
90944,1.9539,0.049071,20.38
90945,2.0033,0.049399,20.24
90946,2.0515,0.048281,20.71
90947,2.1005,0.048861,20.47
90948,2.1488,0.048350,20.68
90949,2.1990,0.050179,19.93
90950,2.2474,0.048507,20.62
90951,2.2959,0.048404,20.66
90952,2.3435,0.047664,20.98
90953,2.3926,0.049022,20.40
90954,2.4404,0.047891,20.88
90955,2.4878,0.047331,21.13
90956,2.5371,0.049347,20.26
90957,2.5858,0.048675,20.54
90958,2.6339,0.048134,20.78
90959,2.6810,0.047128,21.22
90960,2.7285,0.047452,21.07
90961,2.7760,0.047471,21.07
90962,2.8232,0.047320,21.13
90963,2.8705,0.047220,21.18
90964,2.9155,0.045001,22.22
90965,2.9634,0.047819,20.91
90966,3.0079,0.044598,22.42
90967,3.0562,0.048163,20.76
90968,3.1034,0.047351,21.12
90969,3.1504,0.046998,21.28
90970,3.1982,0.047830,20.91
90971,3.2459,0.047599,21.01
90972,3.2899,0.044003,22.73
90973,3.3341,0.044277,22.59
90974,3.3816,0.047444,21.08
90975,3.4288,0.047244,21.17
90976,3.4768,0.048001,20.83
90977,3.5212,0.044416,22.51
90978,3.5707,0.049449,20.22
90979,3.6185,0.047875,20.89
90980,3.6658,0.047136,21.22
90981,3.7128,0.047052,21.25
90982,3.7620,0.049139,20.35
90983,3.8066,0.044761,22.34
90984,3.8538,0.047042,21.26
90985,3.9010,0.047226,21.17
90986,3.9484,0.047404,21.10
90987,3.9960,0.047605,21.01
90988,4.0431,0.047198,21.19
90989,4.0917,0.048536,20.60
90990,4.1392,0.047524,21.04
90991,4.1875,0.048264,20.72
90992,4.2366,0.049045,20.39
90993,4.2843,0.047739,20.95
90994,4.3285,0.044217,22.62
90995,4.3728,0.044328,22.56
90996,4.4198,0.046978,21.29
90997,4.4678,0.047955,20.85
90998,4.5153,0.047556,21.03
90999,4.5634,0.048097,20.79
91000,4.6125,0.049102,20.37
91001,4.6602,0.047630,21.00
91002,4.7075,0.047420,21.09
91003,4.7550,0.047480,21.06
91004,4.8026,0.047547,21.03
91005,4.8499,0.047257,21.16
91006,4.8972,0.047426,21.09
91007,4.9443,0.047102,21.23
91008,4.9918,0.047472,21.06
91009,5.0389,0.047124,21.22
91010,5.0868,0.047879,20.89
91011,5.1307,0.043924,22.77
91012,5.1781,0.047324,21.13
91013,5.2260,0.047924,20.87
91014,5.2703,0.044224,22.61
91015,5.3175,0.047249,21.16
91016,5.3621,0.044619,22.41
91017,5.4099,0.047836,20.90
91018,5.4574,0.047411,21.09
91019,5.5015,0.044085,22.68
91020,5.5487,0.047264,21.16
91021,5.5972,0.048503,20.62
91022,5.6448,0.047611,21.00
91023,5.6923,0.047474,21.06
91024,5.7399,0.047546,21.03
91025,5.7871,0.047268,21.16
91026,5.8341,0.047074,21.24
91027,5.8813,0.047162,21.20
91028,5.9285,0.047131,21.22
91029,5.9757,0.047209,21.18
91030,6.0233,0.047702,20.96
91031,6.0709,0.047535,21.04
91032,6.1195,0.048570,20.59
91033,6.1669,0.047420,21.09
91034,6.2144,0.047445,21.08
91035,6.2631,0.048709,20.53
91036,6.3104,0.047332,21.13
91037,6.3579,0.047536,21.04
91038,6.4058,0.047843,20.90
91039,6.4548,0.049124,20.36
91040,6.5026,0.047684,20.97
91041,6.5499,0.047414,21.09
91042,6.5979,0.047893,20.88
91043,6.6469,0.048943,20.43
91044,6.6945,0.047699,20.96
91045,6.7426,0.048011,20.83
91046,6.7897,0.047092,21.23
91047,6.8370,0.047364,21.11
91048,6.8843,0.047307,21.14
91049,6.9325,0.048265,20.72
91050,6.9814,0.048912,20.44
91051,7.0310,0.049580,20.17
91052,7.0789,0.047862,20.89
91053,7.1270,0.048102,20.79
91054,7.1743,0.047267,21.16
91055,7.2235,0.049247,20.31
91056,7.2716,0.048088,20.80
91057,7.3193,0.047746,20.94
91058,7.3674,0.048079,20.80
91059,7.4150,0.047556,21.03
91060,7.4618,0.046822,21.36
91061,7.5088,0.046949,21.30
91062,7.5531,0.044322,22.56
91063,7.5979,0.044789,22.33
91064,7.6450,0.047144,21.21
91065,7.6895,0.044486,22.48
91066,7.7367,0.047237,21.17
91067,7.7841,0.047364,21.11
91068,7.8314,0.047318,21.13
91069,7.8812,0.049850,20.06
91070,7.9288,0.047556,21.03
91071,7.9763,0.047457,21.07
91072,8.0238,0.047503,21.05
91073,8.0709,0.047155,21.21
91074,8.1201,0.049207,20.32
91075,8.1674,0.047242,21.17
91076,8.2151,0.047717,20.96
91077,8.2629,0.047884,20.88
91078,8.3107,0.047667,20.98
91079,8.3579,0.047311,21.14
91080,8.4052,0.047147,21.21
91081,8.4525,0.047391,21.10
91082,8.4965,0.043921,22.77
91083,8.5441,0.047652,20.99
91084,8.5913,0.047208,21.18
91085,8.6410,0.049699,20.12
91086,8.6888,0.047801,20.92
91087,8.7363,0.047498,21.05
91088,8.7875,0.051185,19.54
91089,8.8380,0.050522,19.79
91090,8.8835,0.045606,21.93
91091,8.9313,0.047700,20.96
91092,8.9783,0.046988,21.28
91093,9.0253,0.046955,21.30
91094,9.0729,0.047644,20.99
91095,9.1200,0.047099,21.23
91096,9.1648,0.044803,22.32
91097,9.2092,0.044400,22.52
91098,9.2571,0.047865,20.89
91099,9.3037,0.046667,21.43
91100,9.3511,0.047322,21.13
91101,9.3954,0.044380,22.53
91102,9.4429,0.047406,21.09
91103,9.4900,0.047193,21.19
91104,9.5378,0.047802,20.92
91105,9.5853,0.047564,21.02
91106,9.6346,0.049258,20.30
91107,9.6818,0.047112,21.23
91108,9.7292,0.047478,21.06
91109,9.7766,0.047332,21.13
91110,9.8239,0.047333,21.13
91111,9.8712,0.047357,21.12
91112,9.9183,0.047104,21.23
91113,9.9662,0.047777,20.93
