TotalFrame,Time,DeltaTime,FPS
95621,0.0000,0.060891,16.42
95622,0.0000,0.060891,16.42
95623,0.0200,0.020000,50.00
95624,0.0769,0.056833,17.60
95625,0.1332,0.056284,17.77
95626,0.1898,0.056714,17.63
95627,0.2460,0.056163,17.81
95628,0.3027,0.056720,17.63
95629,0.3593,0.056550,17.68
95630,0.4154,0.056174,17.80
95631,0.4681,0.052735,18.96
95632,0.5250,0.056891,17.58
95633,0.5826,0.057572,17.37
95634,0.6423,0.059733,16.74
95635,0.6970,0.054594,18.32
95636,0.7532,0.056142,17.81
95637,0.8104,0.057313,17.45
95638,0.8667,0.056267,17.77
95639,0.9241,0.057430,17.41
95640,0.9819,0.057803,17.30
95641,1.0394,0.057456,17.40
95642,1.0981,0.058802,17.01
95643,1.1514,0.053230,18.79
95644,1.2100,0.058592,17.07
95645,1.2701,0.060168,16.62
95646,1.3320,0.061833,16.17
95647,1.3931,0.061090,16.37
95648,1.4497,0.056655,17.65
95649,1.5083,0.058482,17.10
95650,1.5647,0.056415,17.73
95651,1.6205,0.055848,17.91
95652,1.6770,0.056491,17.70
95653,1.7336,0.056673,17.64
95654,1.7899,0.056240,17.78
95655,1.8496,0.059678,16.76
95656,1.9097,0.060025,16.66
95657,1.9668,0.057239,17.47
95658,2.0249,0.058105,17.21
95659,2.0830,0.058003,17.24
95660,2.1396,0.056634,17.66
95661,2.1923,0.052647,18.99
95662,2.2489,0.056619,17.66
95663,2.3030,0.054129,18.47
95664,2.3629,0.059924,16.69
95665,2.4192,0.056245,17.78
95666,2.4716,0.052388,19.09
95667,2.5278,0.056268,17.77
95668,2.5840,0.056200,17.79
95669,2.6410,0.056967,17.55
95670,2.6974,0.056417,17.73
95671,2.7538,0.056374,17.74
95672,2.8066,0.052816,18.93
95673,2.8596,0.053089,18.84
95674,2.9158,0.056140,17.81
95675,2.9718,0.055974,17.87
95676,3.0284,0.056596,17.67
95677,3.0857,0.057264,17.46
95678,3.1420,0.056293,17.76
95679,3.1986,0.056687,17.64
95680,3.2552,0.056571,17.68
95681,3.3129,0.057720,17.32
95682,3.3696,0.056683,17.64
95683,3.4265,0.056881,17.58
95684,3.4828,0.056291,17.76
95685,3.5393,0.056567,17.68
95686,3.5953,0.055949,17.87
95687,3.6532,0.057882,17.28
95688,3.7112,0.057954,17.26
95689,3.7673,0.056261,17.77
95690,3.8236,0.056225,17.79
95691,3.8800,0.056331,17.75
95692,3.9365,0.056632,17.66
95693,3.9929,0.056371,17.74
95694,4.0496,0.056598,17.67
95695,4.1056,0.056094,17.83
95696,4.1617,0.056137,17.81
95697,4.2178,0.056051,17.84
95698,4.2744,0.056545,17.69
95699,4.3304,0.056055,17.84
95700,4.3887,0.058277,17.16
95701,4.4451,0.056417,17.73
95702,4.5018,0.056663,17.65
95703,4.5581,0.056316,17.76
95704,4.6140,0.055914,17.88
95705,4.6699,0.055916,17.88
95706,4.7258,0.055915,17.88
95707,4.7825,0.056682,17.64
95708,4.8390,0.056483,17.70
95709,4.8950,0.055969,17.87
95710,4.9515,0.056502,17.70
95711,5.0033,0.051762,19.32
95712,5.0599,0.056637,17.66
95713,5.1158,0.056005,17.86
95714,5.1718,0.055869,17.90
95715,5.2283,0.056498,17.70
95716,5.2845,0.056344,17.75
95717,5.3414,0.056896,17.58
95718,5.3979,0.056400,17.73
95719,5.4504,0.052554,19.03
95720,5.5067,0.056321,17.76
95721,5.5638,0.057122,17.51
95722,5.6200,0.056105,17.82
95723,5.6761,0.056201,17.79
95724,5.7330,0.056812,17.60
95725,5.7893,0.056245,17.78
95726,5.8462,0.056915,17.57
95727,5.9030,0.056735,17.63
95728,5.9592,0.056294,17.76
95729,6.0157,0.056536,17.69
95730,6.0731,0.057406,17.42
95731,6.1293,0.056176,17.80
95732,6.1854,0.056172,17.80
95733,6.2380,0.052532,19.04
95734,6.2944,0.056366,17.74
95735,6.3546,0.060191,16.61
95736,6.4109,0.056264,17.77
95737,6.4669,0.056112,17.82
95738,6.5238,0.056851,17.59
95739,6.5806,0.056780,17.61
95740,6.6366,0.055967,17.87
95741,6.6929,0.056361,17.74
95742,6.7496,0.056782,17.61
95743,6.8058,0.056098,17.83
95744,6.8591,0.053344,18.75
95745,6.9153,0.056205,17.79
95746,6.9717,0.056288,17.77
95747,7.0278,0.056238,17.78
95748,7.0842,0.056392,17.73
95749,7.1404,0.056123,17.82
95750,7.1967,0.056256,17.78
95751,7.2532,0.056587,17.67
95752,7.3107,0.057450,17.41
95753,7.3682,0.057524,17.38
95754,7.4249,0.056764,17.62
95755,7.4816,0.056626,17.66
95756,7.5402,0.058551,17.08
95757,7.5970,0.056944,17.56
95758,7.6530,0.055892,17.89
95759,7.7098,0.056888,17.58
95760,7.7626,0.052768,18.95
95761,7.8186,0.056035,17.85
95762,7.8768,0.058113,17.21
95763,7.9332,0.056483,17.70
95764,7.9899,0.056576,17.68
95765,8.0463,0.056375,17.74
95766,8.1030,0.056838,17.59
95767,8.1593,0.056307,17.76
95768,8.2155,0.056051,17.84
95769,8.2722,0.056750,17.62
95770,8.3319,0.059751,16.74
95771,8.3901,0.058283,17.16
95772,8.4468,0.056559,17.68
95773,8.5031,0.056255,17.78
95774,8.5601,0.056997,17.54
95775,8.6173,0.057264,17.46
95776,8.6736,0.056344,17.75
95777,8.7317,0.058138,17.20
95778,8.7886,0.056840,17.59
95779,8.8419,0.053279,18.77
95780,8.8940,0.052213,19.15
95781,8.9503,0.056197,17.79
95782,9.0061,0.055886,17.89
95783,9.0626,0.056496,17.70
95784,9.1189,0.056231,17.78
95785,9.1754,0.056465,17.71
95786,9.2311,0.055706,17.95
95787,9.2889,0.057830,17.29
95788,9.3470,0.058098,17.21
95789,9.4036,0.056558,17.68
95790,9.4600,0.056447,17.72
95791,9.5176,0.057642,17.35
95792,9.5741,0.056469,17.71
95793,9.6306,0.056545,17.68
95794,9.6870,0.056369,17.74
95795,9.7434,0.056379,17.74
95796,9.8002,0.056803,17.60
95797,9.8588,0.058529,17.09
95798,9.9149,0.056164,17.81
95799,9.9718,0.056913,17.57
