TotalFrame,Time,DeltaTime,FPS
89370,0.0000,0.048176,20.76
89371,0.0000,0.048176,20.76
89372,0.0200,0.020000,50.00
89373,0.0657,0.045621,21.92
89374,0.1121,0.046460,21.52
89375,0.1575,0.045305,22.07
89376,0.2034,0.045992,21.74
89377,0.2485,0.045144,22.15
89378,0.2935,0.044866,22.29
89379,0.3356,0.042200,23.70
89380,0.3805,0.044855,22.29
89381,0.4260,0.045569,21.94
89382,0.4718,0.045715,21.87
89383,0.5177,0.045907,21.78
89384,0.5627,0.045062,22.19
89385,0.6080,0.045293,22.08
89386,0.6533,0.045351,22.05
89387,0.6987,0.045318,22.07
89388,0.7438,0.045062,22.19
89389,0.7889,0.045162,22.14
89390,0.8359,0.047004,21.27
89391,0.8779,0.042002,23.81
89392,0.9209,0.042986,23.26
89393,0.9664,0.045522,21.97
89394,1.0095,0.043082,23.21
89395,1.0552,0.045673,21.89
89396,1.1008,0.045638,21.91
89397,1.1461,0.045272,22.09
89398,1.1895,0.043308,23.09
89399,1.2346,0.045215,22.12
89400,1.2798,0.045110,22.17
89401,1.3248,0.045103,22.17
89402,1.3705,0.045660,21.90
89403,1.4155,0.045085,22.18
89404,1.4612,0.045625,21.92
89405,1.5070,0.045700,21.88
89406,1.5520,0.045082,22.18
89407,1.5977,0.045723,21.87
89408,1.6431,0.045384,22.03
89409,1.6885,0.045355,22.05
89410,1.7335,0.045040,22.20
89411,1.7786,0.045113,22.17
89412,1.8242,0.045591,21.93
89413,1.8701,0.045978,21.75
89414,1.9155,0.045310,22.07
89415,1.9609,0.045484,21.99
89416,2.0070,0.046044,21.72
89417,2.0526,0.045649,21.91
89418,2.0979,0.045285,22.08
89419,2.1434,0.045474,21.99
89420,2.1897,0.046330,21.58
89421,2.2373,0.047514,21.05
89422,2.2883,0.051073,19.58
89423,2.3380,0.049698,20.12
89424,2.3901,0.052066,19.21
89425,2.4377,0.047644,20.99
89426,2.4823,0.044536,22.45
89427,2.5280,0.045717,21.87
89428,2.5737,0.045795,21.84
89429,2.6194,0.045538,21.96
89430,2.6644,0.045160,22.14
89431,2.7094,0.044859,22.29
89432,2.7518,0.042498,23.53
89433,2.7972,0.045389,22.03
89434,2.8428,0.045526,21.97
89435,2.8888,0.046022,21.73
89436,2.9340,0.045238,22.11
89437,2.9790,0.044994,22.23
89438,3.0248,0.045760,21.85
89439,3.0706,0.045806,21.83
89440,3.1124,0.041906,23.86
89441,3.1576,0.045158,22.14
89442,3.2029,0.045210,22.12
89443,3.2480,0.045174,22.14
89444,3.2931,0.045011,22.22
89445,3.3409,0.047868,20.89
89446,3.3928,0.051879,19.28
89447,3.4402,0.047389,21.10
89448,3.4867,0.046564,21.48
89449,3.5325,0.045729,21.87
89450,3.5786,0.046122,21.68
89451,3.6245,0.045878,21.80
89452,3.6697,0.045209,22.12
89453,3.7148,0.045224,22.11
89454,3.7603,0.045295,22.08
89455,3.8055,0.045308,22.07
89456,3.8512,0.045707,21.88
89457,3.8970,0.045797,21.84
89458,3.9425,0.045441,22.01
89459,3.9880,0.045564,21.95
89460,4.0333,0.045310,22.07
89461,4.0833,0.049907,20.04
89462,4.1292,0.045942,21.77
89463,4.1753,0.046180,21.65
89464,4.2224,0.047011,21.27
89465,4.2683,0.045947,21.76
89466,4.3136,0.045310,22.07
89467,4.3599,0.046255,21.62
89468,4.4052,0.045306,22.07
89469,4.4532,0.048022,20.82
89470,4.5001,0.046979,21.29
89471,4.5450,0.044875,22.28
89472,4.5906,0.045543,21.96
89473,4.6364,0.045808,21.83
89474,4.6816,0.045221,22.11
89475,4.7288,0.047077,21.24
89476,4.7739,0.045234,22.11
89477,4.8193,0.045450,22.00
89478,4.8643,0.044850,22.30
89479,4.9098,0.045551,21.95
89480,4.9554,0.045718,21.87
89481,4.9978,0.042267,23.66
89482,5.0411,0.043385,23.05
89483,5.0872,0.045942,21.77
89484,5.1320,0.044815,22.31
89485,5.1770,0.045126,22.16
89486,5.2219,0.044942,22.25
89487,5.2675,0.045489,21.98
89488,5.3123,0.044779,22.33
89489,5.3571,0.044768,22.34
89490,5.4023,0.045369,22.04
89491,5.4478,0.045386,22.03
89492,5.4924,0.044628,22.41
89493,5.5371,0.044757,22.34
89494,5.5811,0.043888,22.79
89495,5.6267,0.045638,21.91
89496,5.6720,0.045300,22.07
89497,5.7174,0.045377,22.04
89498,5.7625,0.045105,22.17
89499,5.8055,0.043027,23.24
89500,5.8505,0.044928,22.26
89501,5.8965,0.046089,21.70
89502,5.9418,0.045311,22.07
89503,5.9868,0.044999,22.22
89504,6.0320,0.045115,22.17
89505,6.0782,0.046341,21.58
89506,6.1233,0.044991,22.23
89507,6.1687,0.045394,22.03
89508,6.2141,0.045396,22.03
89509,6.2596,0.045589,21.94
89510,6.3049,0.045339,22.06
89511,6.3507,0.045692,21.89
89512,6.3961,0.045432,22.01
89513,6.4413,0.045179,22.13
89514,6.4867,0.045400,22.03
89515,6.5322,0.045573,21.94
89516,6.5781,0.045881,21.80
89517,6.6230,0.044898,22.27
89518,6.6685,0.045411,22.02
89519,6.7144,0.045900,21.79
89520,6.7595,0.045210,22.12
89521,6.8047,0.045107,22.17
89522,6.8499,0.045190,22.13
89523,6.8955,0.045625,21.92
89524,6.9426,0.047196,21.19
89525,6.9883,0.045640,21.91
89526,7.0336,0.045255,22.10
89527,7.0814,0.047791,20.92
89528,7.1267,0.045390,22.03
89529,7.1721,0.045326,22.06
89530,7.2186,0.046517,21.50
89531,7.2683,0.049678,20.13
89532,7.3134,0.045043,22.20
89533,7.3586,0.045265,22.09
89534,7.4006,0.042026,23.79
89535,7.4443,0.043710,22.88
89536,7.4895,0.045178,22.13
89537,7.5353,0.045841,21.81
89538,7.5814,0.046089,21.70
89539,7.6271,0.045611,21.92
89540,7.6753,0.048205,20.74
89541,7.7202,0.044934,22.25
89542,7.7654,0.045194,22.13
89543,7.8109,0.045581,21.94
89544,7.8561,0.045118,22.16
89545,7.9012,0.045185,22.13
89546,7.9469,0.045665,21.90
89547,7.9923,0.045369,22.04
89548,8.0380,0.045628,21.92
89549,8.0839,0.045929,21.77
89550,8.1292,0.045250,22.10
89551,8.1742,0.045145,22.15
89552,8.2197,0.045518,21.97
89553,8.2646,0.044951,22.25
89554,8.3099,0.045185,22.13
89555,8.3556,0.045736,21.86
89556,8.4011,0.045513,21.97
89557,8.4465,0.045398,22.03
89558,8.4915,0.044944,22.25
89559,8.5367,0.045317,22.07
89560,8.5818,0.045024,22.21
89561,8.6263,0.044540,22.45
89562,8.6722,0.045889,21.79
89563,8.7175,0.045320,22.07
89564,8.7625,0.044900,22.27
89565,8.8076,0.045122,22.16
89566,8.8529,0.045366,22.04
89567,8.8984,0.045446,22.00
89568,8.9440,0.045617,21.92
89569,8.9907,0.046667,21.43
89570,9.0356,0.044953,22.25
89571,9.0812,0.045490,21.98
89572,9.1271,0.045955,21.76
89573,9.1715,0.044473,22.49
89574,9.2172,0.045552,21.95
89575,9.2618,0.044700,22.37
89576,9.3073,0.045448,22.00
89577,9.3523,0.045091,22.18
89578,9.3975,0.045158,22.14
89579,9.4429,0.045303,22.07
89580,9.4893,0.046393,21.55
89581,9.5344,0.045207,22.12
89582,9.5796,0.045163,22.14
89583,9.6255,0.045896,21.79
89584,9.6707,0.045145,22.15
89585,9.7157,0.045024,22.21
89586,9.7585,0.042946,23.29
89587,9.8007,0.042064,23.77
89588,9.8438,0.043121,23.19
89589,9.8888,0.045036,22.20
89590,9.9358,0.047037,21.26
89591,9.9811,0.045180,22.13
