TotalFrame,Time,DeltaTime,FPS
94505,0.0000,0.056942,17.56
94506,0.0000,0.056942,17.56
94507,0.0199,0.020000,50.00
94508,0.0748,0.054906,18.21
94509,0.1255,0.050699,19.72
94510,0.1794,0.053901,18.55
94511,0.2314,0.051976,19.24
94512,0.2860,0.054553,18.33
94513,0.3400,0.053998,18.52
94514,0.3938,0.053863,18.57
94515,0.4479,0.053998,18.52
94516,0.4987,0.050857,19.66
94517,0.5530,0.054284,18.42
94518,0.6050,0.052054,19.21
94519,0.6555,0.050468,19.81
94520,0.7085,0.053048,18.85
94521,0.7590,0.050507,19.80
94522,0.8131,0.054031,18.51
94523,0.8667,0.053674,18.63
94524,0.9209,0.054101,18.48
94525,0.9752,0.054356,18.40
94526,1.0300,0.054814,18.24
94527,1.0845,0.054439,18.37
94528,1.1388,0.054296,18.42
94529,1.1926,0.053888,18.56
94530,1.2469,0.054310,18.41
94531,1.3011,0.054220,18.44
94532,1.3556,0.054436,18.37
94533,1.4099,0.054274,18.43
94534,1.4644,0.054438,18.37
94535,1.5210,0.056715,17.63
94536,1.5754,0.054369,18.39
94537,1.6294,0.053920,18.55
94538,1.6831,0.053788,18.59
94539,1.7378,0.054646,18.30
94540,1.7922,0.054526,18.34
94541,1.8463,0.054040,18.50
94542,1.9003,0.053901,18.55
94543,1.9546,0.054380,18.39
94544,2.0087,0.054000,18.52
94545,2.0629,0.054233,18.44
94546,2.1205,0.057694,17.33
94547,2.1749,0.054352,18.40
94548,2.2291,0.054232,18.44
94549,2.2833,0.054167,18.46
94550,2.3409,0.057639,17.35
94551,2.4011,0.060192,16.61
94552,2.4564,0.055301,18.08
94553,2.5117,0.055246,18.10
94554,2.5660,0.054427,18.37
94555,2.6207,0.054586,18.32
94556,2.6746,0.053818,18.58
94557,2.7303,0.055863,17.90
94558,2.7850,0.054683,18.29
94559,2.8386,0.053629,18.65
94560,2.8929,0.054274,18.42
94561,2.9469,0.053980,18.53
94562,3.0007,0.053861,18.57
94563,3.0552,0.054392,18.38
94564,3.1106,0.055471,18.03
94565,3.1647,0.053962,18.53
94566,3.2188,0.054183,18.46
94567,3.2736,0.054713,18.28
94568,3.3276,0.054081,18.49
94569,3.3817,0.054114,18.48
94570,3.4360,0.054357,18.40
94571,3.4871,0.050997,19.61
94572,3.5410,0.053999,18.52
94573,3.5962,0.055079,18.16
94574,3.6506,0.054438,18.37
94575,3.7041,0.053584,18.66
94576,3.7584,0.054210,18.45
94577,3.8125,0.054145,18.47
94578,3.8665,0.053935,18.54
94579,3.9203,0.053808,18.58
94580,3.9741,0.053908,18.55
94581,4.0282,0.054072,18.49
94582,4.0829,0.054639,18.30
94583,4.1373,0.054499,18.35
94584,4.1915,0.054175,18.46
94585,4.2456,0.054097,18.49
94586,4.2998,0.054212,18.45
94587,4.3538,0.053902,18.55
94588,4.4078,0.054124,18.48
94589,4.4618,0.053874,18.56
94590,4.5156,0.053883,18.56
94591,4.5708,0.055168,18.13
94592,4.6249,0.054102,18.48
94593,4.6793,0.054387,18.39
94594,4.7329,0.053580,18.66
94595,4.7886,0.055649,17.97
94596,4.8423,0.053814,18.58
94597,4.8959,0.053555,18.67
94598,4.9495,0.053610,18.65
94599,5.0045,0.055058,18.16
94600,5.0588,0.054327,18.41
94601,5.1154,0.056517,17.69
94602,5.1696,0.054149,18.47
94603,5.2216,0.051964,19.24
94604,5.2716,0.050110,19.96
94605,5.3254,0.053771,18.60
94606,5.3757,0.050303,19.88
94607,5.4276,0.051900,19.27
94608,5.4814,0.053899,18.55
94609,5.5359,0.054401,18.38
94610,5.5900,0.054027,18.51
94611,5.6434,0.053494,18.69
94612,5.6969,0.053524,18.68
94613,5.7505,0.053566,18.67
94614,5.8044,0.053892,18.56
94615,5.8579,0.053501,18.69
94616,5.9120,0.054078,18.49
94617,5.9728,0.060754,16.46
94618,6.0288,0.056102,17.82
94619,6.0834,0.054520,18.34
94620,6.1377,0.054307,18.41
94621,6.1914,0.053722,18.61
94622,6.2450,0.053656,18.64
94623,6.2992,0.054199,18.45
94624,6.3528,0.053566,18.67
94625,6.4065,0.053670,18.63
94626,6.4600,0.053509,18.69
94627,6.5155,0.055559,18.00
94628,6.5719,0.056369,17.74
94629,6.6267,0.054813,18.24
94630,6.6802,0.053428,18.72
94631,6.7339,0.053711,18.62
94632,6.7878,0.053947,18.54
94633,6.8422,0.054369,18.39
94634,6.8959,0.053695,18.62
94635,6.9498,0.053960,18.53
94636,7.0035,0.053682,18.63
94637,7.0575,0.053955,18.53
94638,7.1124,0.054907,18.21
94639,7.1663,0.053884,18.56
94640,7.2208,0.054556,18.33
94641,7.2717,0.050867,19.66
94642,7.3252,0.053522,18.68
94643,7.3756,0.050380,19.85
94644,7.4298,0.054167,18.46
94645,7.4823,0.052584,19.02
94646,7.5339,0.051619,19.37
94647,7.5884,0.054371,18.39
94648,7.6431,0.054728,18.27
94649,7.6960,0.052938,18.89
94650,7.7512,0.055261,18.10
94651,7.8043,0.053031,18.86
94652,7.8578,0.053521,18.68
94653,7.9082,0.050438,19.83
94654,7.9584,0.050118,19.95
94655,8.0117,0.053378,18.73
94656,8.0662,0.054379,18.39
94657,8.1196,0.053520,18.68
94658,8.1737,0.054067,18.50
94659,8.2277,0.053956,18.53
94660,8.2811,0.053521,18.68
94661,8.3351,0.053941,18.54
94662,8.3894,0.054322,18.41
94663,8.4443,0.054848,18.23
94664,8.4987,0.054372,18.39
94665,8.5492,0.050503,19.80
94666,8.6027,0.053484,18.70
94667,8.6526,0.049882,20.05
94668,8.7057,0.053173,18.81
94669,8.7595,0.053830,18.58
94670,8.8125,0.052914,18.90
94671,8.8662,0.053724,18.61
94672,8.9163,0.050060,19.98
94673,8.9667,0.050431,19.83
94674,9.0165,0.049788,20.09
94675,9.0702,0.053681,18.63
94676,9.1239,0.053703,18.62
94677,9.1779,0.054054,18.50
94678,9.2279,0.049951,20.02
94679,9.2798,0.051924,19.26
94680,9.3306,0.050833,19.67
94681,9.3845,0.053945,18.54
94682,9.4362,0.051568,19.39
94683,9.4896,0.053507,18.69
94684,9.5394,0.049834,20.07
94685,9.5903,0.050915,19.64
94686,9.6417,0.051339,19.48
94687,9.6917,0.049981,20.01
94688,9.7468,0.055077,18.16
94689,9.7966,0.049895,20.04
94690,9.8474,0.050750,19.70
94691,9.8975,0.050022,19.99
94692,9.9511,0.053583,18.66
