TotalFrame,Time,DeltaTime,FPS
90252,0.0000,0.051898,19.27
90253,0.0000,0.051898,19.27
90254,0.0200,0.020000,50.00
90255,0.0667,0.046626,21.45
90256,0.1134,0.046786,21.37
90257,0.1603,0.046806,21.37
90258,0.2076,0.047396,21.10
90259,0.2540,0.046426,21.54
90260,0.2975,0.043461,23.01
90261,0.3442,0.046752,21.39
90262,0.3914,0.047155,21.21
90263,0.4379,0.046407,21.55
90264,0.4845,0.046640,21.44
90265,0.5283,0.043826,22.82
90266,0.5745,0.046209,21.64
90267,0.6212,0.046750,21.39
90268,0.6681,0.046877,21.33
90269,0.7172,0.049094,20.37
90270,0.7719,0.054608,18.31
90271,0.8219,0.050027,19.99
90272,0.8690,0.047150,21.21
90273,0.9156,0.046625,21.45
90274,0.9618,0.046118,21.68
90275,1.0082,0.046442,21.53
90276,1.0518,0.043607,22.93
90277,1.0981,0.046387,21.56
90278,1.1428,0.044692,22.38
90279,1.1899,0.047037,21.26
90280,1.2367,0.046776,21.38
90281,1.2832,0.046539,21.49
90282,1.3271,0.043932,22.76
90283,1.3709,0.043640,22.91
90284,1.4146,0.043706,22.88
90285,1.4609,0.046431,21.54
90286,1.5077,0.046818,21.36
90287,1.5546,0.046800,21.37
90288,1.6019,0.047333,21.13
90289,1.6483,0.046411,21.55
90290,1.6949,0.046714,21.41
90291,1.7395,0.044484,22.48
90292,1.7858,0.046322,21.59
90293,1.8319,0.046132,21.68
90294,1.8788,0.046870,21.34
90295,1.9259,0.047037,21.26
90296,1.9746,0.048807,20.49
90297,2.0216,0.046979,21.29
90298,2.0677,0.046084,21.70
90299,2.1140,0.046297,21.60
90300,2.1592,0.045201,22.12
90301,2.2063,0.047125,21.22
90302,2.2539,0.047557,21.03
90303,2.3014,0.047497,21.05
90304,2.3491,0.047729,20.95
90305,2.3958,0.046607,21.46
90306,2.4426,0.046908,21.32
90307,2.4894,0.046691,21.42
90308,2.5356,0.046288,21.60
90309,2.5823,0.046712,21.41
90310,2.6289,0.046632,21.44
90311,2.6760,0.047043,21.26
90312,2.7236,0.047642,20.99
90313,2.7706,0.046987,21.28
90314,2.8173,0.046595,21.46
90315,2.8638,0.046565,21.48
90316,2.9108,0.046990,21.28
90317,2.9576,0.046813,21.36
90318,3.0039,0.046284,21.61
90319,3.0508,0.046897,21.32
90320,3.0978,0.046961,21.29
90321,3.1448,0.047050,21.25
90322,3.1917,0.046867,21.34
90323,3.2406,0.048970,20.42
90324,3.2872,0.046600,21.46
90325,3.3336,0.046348,21.58
90326,3.3802,0.046668,21.43
90327,3.4268,0.046537,21.49
90328,3.4733,0.046550,21.48
90329,3.5170,0.043701,22.88
90330,3.5641,0.047087,21.24
90331,3.6099,0.045730,21.87
90332,3.6558,0.045881,21.80
90333,3.7046,0.048871,20.46
90334,3.7528,0.048154,20.77
90335,3.7992,0.046456,21.53
90336,3.8452,0.046019,21.73
90337,3.8915,0.046244,21.62
90338,3.9380,0.046491,21.51
90339,3.9845,0.046547,21.48
90340,4.0311,0.046570,21.47
90341,4.0773,0.046227,21.63
90342,4.1239,0.046635,21.44
90343,4.1715,0.047624,21.00
90344,4.2192,0.047692,20.97
90345,4.2673,0.048074,20.80
90346,4.3171,0.049753,20.10
90347,4.3640,0.046925,21.31
90348,4.4081,0.044132,22.66
90349,4.4547,0.046584,21.47
90350,4.4984,0.043658,22.91
90351,4.5447,0.046326,21.59
90352,4.5881,0.043383,23.05
90353,4.6317,0.043642,22.91
90354,4.6780,0.046279,21.61
90355,4.7253,0.047321,21.13
90356,4.7717,0.046438,21.53
90357,4.8151,0.043301,23.09
90358,4.8617,0.046650,21.44
90359,4.9086,0.046866,21.34
90360,4.9518,0.043219,23.14
90361,4.9988,0.046929,21.31
90362,5.0452,0.046466,21.52
90363,5.0917,0.046518,21.50
90364,5.1384,0.046738,21.40
90365,5.1848,0.046309,21.59
90366,5.2324,0.047650,20.99
90367,5.2770,0.044542,22.45
90368,5.3206,0.043565,22.95
90369,5.3695,0.048993,20.41
90370,5.4131,0.043585,22.94
90371,5.4564,0.043307,23.09
90372,5.5028,0.046425,21.54
90373,5.5494,0.046648,21.44
90374,5.5964,0.046944,21.30
90375,5.6445,0.048085,20.80
90376,5.6913,0.046816,21.36
90377,5.7385,0.047148,21.21
90378,5.7852,0.046633,21.44
90379,5.8317,0.046618,21.45
90380,5.8783,0.046582,21.47
90381,5.9247,0.046365,21.57
90382,5.9716,0.046936,21.31
90383,6.0181,0.046515,21.50
90384,6.0609,0.042808,23.36
90385,6.1045,0.043522,22.98
90386,6.1510,0.046536,21.49
90387,6.1949,0.043954,22.75
90388,6.2422,0.047224,21.18
90389,6.2910,0.048789,20.50
90390,6.3375,0.046613,21.45
90391,6.3843,0.046768,21.38
90392,6.4307,0.046271,21.61
90393,6.4769,0.046308,21.59
90394,6.5205,0.043646,22.91
90395,6.5676,0.047058,21.25
90396,6.6115,0.043855,22.80
90397,6.6581,0.046658,21.43
90398,6.7024,0.044290,22.58
90399,6.7511,0.048663,20.55
90400,6.7950,0.043920,22.77
90401,6.8394,0.044300,22.57
90402,6.8826,0.043251,23.12
90403,6.9292,0.046666,21.43
90404,6.9761,0.046846,21.35
90405,7.0242,0.048076,20.80
90406,7.0702,0.046110,21.69
90407,7.1167,0.046476,21.52
90408,7.1633,0.046617,21.45
90409,7.2079,0.044496,22.47
90410,7.2545,0.046727,21.40
90411,7.3018,0.047154,21.21
90412,7.3481,0.046477,21.52
90413,7.3949,0.046705,21.41
90414,7.4413,0.046330,21.58
90415,7.4874,0.046152,21.67
90416,7.5344,0.047063,21.25
90417,7.5824,0.047932,20.86
90418,7.6270,0.044551,22.45
90419,7.6757,0.048743,20.52
90420,7.7242,0.048525,20.61
90421,7.7675,0.043292,23.10
90422,7.8157,0.048228,20.73
90423,7.8652,0.049529,20.19
90424,7.9136,0.048317,20.70
90425,7.9602,0.046612,21.45
90426,8.0046,0.044507,22.47
90427,8.0521,0.047491,21.06
90428,8.0997,0.047587,21.01
90429,8.1464,0.046589,21.46
90430,8.1936,0.047250,21.16
90431,8.2445,0.050873,19.66
90432,8.2916,0.047109,21.23
90433,8.3383,0.046726,21.40
90434,8.3846,0.046317,21.59
90435,8.4313,0.046707,21.41
90436,8.4779,0.046563,21.48
90437,8.5245,0.046634,21.44
90438,8.5713,0.046780,21.38
90439,8.6182,0.046847,21.35
90440,8.6650,0.046890,21.33
90441,8.7123,0.047296,21.14
90442,8.7598,0.047402,21.10
90443,8.8063,0.046586,21.47
90444,8.8544,0.048011,20.83
90445,8.9011,0.046762,21.39
90446,8.9481,0.046983,21.28
90447,8.9944,0.046316,21.59
90448,9.0410,0.046675,21.42
90449,9.0845,0.043394,23.04
90450,9.1310,0.046510,21.50
90451,9.1775,0.046475,21.52
90452,9.2281,0.050708,19.72
90453,9.2789,0.050800,19.69
90454,9.3275,0.048607,20.57
90455,9.3711,0.043501,22.99
90456,9.4177,0.046690,21.42
90457,9.4642,0.046460,21.52
90458,9.5106,0.046341,21.58
90459,9.5570,0.046406,21.55
90460,9.6042,0.047239,21.17
90461,9.6508,0.046595,21.46
90462,9.6976,0.046792,21.37
90463,9.7446,0.046988,21.28
90464,9.7913,0.046650,21.44
90465,9.8381,0.046851,21.34
90466,9.8848,0.046728,21.40
90467,9.9329,0.048036,20.82
90468,9.9794,0.046571,21.47
