TotalFrame,Time,DeltaTime,FPS
67721,0.0000,0.025103,39.84
67722,0.0000,0.025103,39.84
67723,0.0200,0.020000,50.00
67724,0.0451,0.025056,39.91
67725,0.0690,0.023925,41.80
67726,0.0933,0.024340,41.09
67727,0.1183,0.024935,40.10
67728,0.1422,0.023862,41.91
67729,0.1675,0.025345,39.46
67730,0.1941,0.026628,37.55
67731,0.2169,0.022783,43.89
67732,0.2391,0.022216,45.01
67733,0.2645,0.025438,39.31
67734,0.2886,0.024072,41.54
67735,0.3151,0.026430,37.84
67736,0.3392,0.024199,41.32
67737,0.3613,0.022024,45.40
67738,0.3825,0.021251,47.06
67739,0.4057,0.023185,43.13
67740,0.4269,0.021226,47.11
67741,0.4479,0.021030,47.55
67742,0.4697,0.021737,46.00
67743,0.4908,0.021102,47.39
67744,0.5118,0.020968,47.69
67745,0.5329,0.021155,47.27
67746,0.5539,0.020957,47.72
67747,0.5768,0.022928,43.61
67748,0.5983,0.021483,46.55
67749,0.6204,0.022139,45.17
67750,0.6420,0.021579,46.34
67751,0.6636,0.021627,46.24
67752,0.6853,0.021660,46.17
67753,0.7066,0.021292,46.97
67754,0.7279,0.021329,46.88
67755,0.7502,0.022337,44.77
67756,0.7723,0.022059,45.33
67757,0.7937,0.021362,46.81
67758,0.8148,0.021082,47.43
67759,0.8362,0.021455,46.61
67760,0.8580,0.021810,45.85
67761,0.8795,0.021410,46.71
67762,0.9014,0.021973,45.51
67763,0.9226,0.021227,47.11
67764,0.9438,0.021166,47.25
67765,0.9655,0.021648,46.19
67766,0.9869,0.021402,46.73
67767,1.0084,0.021486,46.54
67768,1.0302,0.021790,45.89
67769,1.0517,0.021595,46.31
67770,1.0746,0.022839,43.79
67771,1.0968,0.022223,45.00
67772,1.1206,0.023798,42.02
67773,1.1445,0.023886,41.87
67774,1.1665,0.022013,45.43
67775,1.1914,0.024950,40.08
67776,1.2143,0.022879,43.71
67777,1.2386,0.024265,41.21
67778,1.2625,0.023878,41.88
67779,1.2864,0.024012,41.65
67780,1.3082,0.021723,46.03
67781,1.3298,0.021645,46.20
67782,1.3521,0.022297,44.85
67783,1.3750,0.022904,43.66
67784,1.3969,0.021838,45.79
67785,1.4197,0.022792,43.88
67786,1.4413,0.021687,46.11
67787,1.4625,0.021139,47.31
67788,1.4854,0.022878,43.71
67789,1.5068,0.021384,46.76
67790,1.5286,0.021832,45.80
67791,1.5512,0.022632,44.19
67792,1.5754,0.024255,41.23
67793,1.5974,0.021884,45.70
67794,1.6185,0.021095,47.40
67795,1.6401,0.021609,46.28
67796,1.6619,0.021840,45.79
67797,1.6834,0.021542,46.42
67798,1.7048,0.021383,46.77
67799,1.7260,0.021148,47.29
67800,1.7471,0.021094,47.41
67801,1.7686,0.021478,46.56
67802,1.7898,0.021263,47.03
67803,1.8118,0.022006,45.44
67804,1.8329,0.021107,47.38
67805,1.8541,0.021203,47.16
67806,1.8754,0.021254,47.05
67807,1.8969,0.021553,46.40
67808,1.9193,0.022403,44.64
67809,1.9416,0.022238,44.97
67810,1.9628,0.021262,47.03
67811,1.9839,0.021077,47.44
67812,2.0049,0.021017,47.58
67813,2.0264,0.021504,46.50
67814,2.0476,0.021209,47.15
67815,2.0686,0.020996,47.63
67816,2.0922,0.023559,42.45
67817,2.1135,0.021325,46.89
67818,2.1363,0.022782,43.89
67819,2.1586,0.022341,44.76
67820,2.1819,0.023288,42.94
67821,2.2032,0.021348,46.84
67822,2.2251,0.021837,45.79
67823,2.2463,0.021186,47.20
67824,2.2674,0.021109,47.37
67825,2.2885,0.021042,47.52
67826,2.3119,0.023423,42.69
67827,2.3360,0.024146,41.41
67828,2.3576,0.021591,46.32
67829,2.3789,0.021317,46.91
67830,2.4007,0.021770,45.93
67831,2.4225,0.021781,45.91
67832,2.4437,0.021242,47.08
67833,2.4648,0.021045,47.52
67834,2.4862,0.021432,46.66
67835,2.5079,0.021682,46.12
67836,2.5289,0.021042,47.52
67837,2.5500,0.021163,47.25
67838,2.5722,0.022111,45.23
67839,2.5942,0.022001,45.45
67840,2.6157,0.021443,46.63
67841,2.6365,0.020902,47.84
67842,2.6594,0.022869,43.73
67843,2.6821,0.022753,43.95
67844,2.7048,0.022680,44.09
67845,2.7273,0.022478,44.49
67846,2.7504,0.023087,43.31
67847,2.7728,0.022454,44.54
67848,2.7939,0.021100,47.39
67849,2.8156,0.021579,46.34
67850,2.8380,0.022472,44.50
67851,2.8608,0.022749,43.96
67852,2.8828,0.022015,45.42
67853,2.9056,0.022888,43.69
67854,2.9268,0.021162,47.25
67855,2.9479,0.021112,47.37
67856,2.9699,0.021953,45.55
67857,2.9918,0.021924,45.61
67858,3.0130,0.021176,47.22
67859,3.0356,0.022613,44.22
67860,3.0568,0.021157,47.26
67861,3.0789,0.022142,45.16
67862,3.1006,0.021662,46.16
67863,3.1237,0.023188,43.13
67864,3.1470,0.023291,42.93
67865,3.1691,0.022097,45.25
67866,3.1912,0.022065,45.32
67867,3.2130,0.021816,45.84
67868,3.2353,0.022272,44.90
67869,3.2564,0.021122,47.34
67870,3.2776,0.021251,47.06
67871,3.2987,0.021044,47.52
67872,3.3201,0.021359,46.82
67873,3.3411,0.021046,47.52
67874,3.3629,0.021748,45.98
67875,3.3843,0.021391,46.75
67876,3.4064,0.022176,45.09
67877,3.4283,0.021922,45.62
67878,3.4496,0.021235,47.09
67879,3.4712,0.021582,46.34
67880,3.4924,0.021235,47.09
67881,3.5134,0.021005,47.61
67882,3.5346,0.021198,47.17
67883,3.5558,0.021153,47.27
67884,3.5770,0.021188,47.20
67885,3.5989,0.022005,45.44
67886,3.6199,0.020894,47.86
67887,3.6415,0.021633,46.23
67888,3.6626,0.021102,47.39
67889,3.6838,0.021239,47.08
67890,3.7053,0.021443,46.64
67891,3.7266,0.021366,46.80
67892,3.7477,0.021060,47.48
67893,3.7690,0.021270,47.02
67894,3.7902,0.021284,46.98
67895,3.8113,0.021066,47.47
67896,3.8333,0.021997,45.46
67897,3.8548,0.021495,46.52
67898,3.8757,0.020926,47.79
67899,3.8972,0.021455,46.61
67900,3.9178,0.020615,48.51
67901,3.9388,0.021029,47.55
67902,3.9599,0.021079,47.44
67903,3.9813,0.021366,46.80
67904,4.0026,0.021293,46.96
67905,4.0242,0.021604,46.29
67906,4.0450,0.020810,48.05
67907,4.0661,0.021139,47.31
67908,4.0873,0.021172,47.23
67909,4.1087,0.021436,46.65
67910,4.1296,0.020887,47.88
67911,4.1512,0.021623,46.25
67912,4.1723,0.021078,47.44
67913,4.1934,0.021026,47.56
67914,4.2155,0.022091,45.27
67915,4.2365,0.021063,47.48
67916,4.2576,0.021078,47.44
67917,4.2787,0.021147,47.29
67918,4.2999,0.021221,47.12
67919,4.3209,0.020949,47.74
67920,4.3422,0.021273,47.01
67921,4.3635,0.021381,46.77
67922,4.3846,0.021092,47.41
67923,4.4066,0.021976,45.50
67924,4.4284,0.021820,45.83
67925,4.4496,0.021228,47.11
67926,4.4710,0.021360,46.82
67927,4.4930,0.021976,45.51
67928,4.5143,0.021342,46.86
67929,4.5355,0.021191,47.19
67930,4.5566,0.021044,47.52
67931,4.5780,0.021431,46.66
67932,4.6003,0.022332,44.78
67933,4.6219,0.021625,46.24
67934,4.6431,0.021179,47.22
67935,4.6640,0.020882,47.89
67936,4.6859,0.021853,45.76
67937,4.7073,0.021395,46.74
67938,4.7283,0.021023,47.57
67939,4.7513,0.022971,43.53
67940,4.7728,0.021487,46.54
67941,4.7938,0.021025,47.56
67942,4.8163,0.022559,44.33
67943,4.8383,0.021904,45.65
67944,4.8597,0.021435,46.65
67945,4.8810,0.021308,46.93
67946,4.9022,0.021159,47.26
67947,4.9240,0.021828,45.81
67948,4.9454,0.021463,46.59
67949,4.9666,0.021144,47.30
67950,4.9875,0.020894,47.86
67951,5.0089,0.021413,46.70
67952,5.0300,0.021088,47.42
67953,5.0511,0.021212,47.14
67954,5.0726,0.021371,46.79
67955,5.0940,0.021478,46.56
67956,5.1153,0.021300,46.95
67957,5.1364,0.021054,47.50
67958,5.1575,0.021144,47.29
67959,5.1789,0.021398,46.73
67960,5.2001,0.021139,47.31
67961,5.2216,0.021583,46.33
67962,5.2435,0.021838,45.79
67963,5.2652,0.021738,46.00
67964,5.2874,0.022134,45.18
67965,5.3090,0.021620,46.25
67966,5.3301,0.021143,47.30
67967,5.3510,0.020890,47.87
67968,5.3726,0.021611,46.27
67969,5.3940,0.021415,46.70
67970,5.4159,0.021873,45.72
67971,5.4377,0.021859,45.75
67972,5.4589,0.021079,47.44
67973,5.4803,0.021515,46.48
67974,5.5020,0.021588,46.32
67975,5.5231,0.021106,47.38
67976,5.5441,0.021036,47.54
67977,5.5650,0.020896,47.86
67978,5.5862,0.021237,47.09
67979,5.6078,0.021577,46.35
67980,5.6294,0.021591,46.32
67981,5.6508,0.021360,46.82
67982,5.6719,0.021142,47.30
67983,5.6934,0.021546,46.41
67984,5.7146,0.021174,47.23
67985,5.7365,0.021827,45.82
67986,5.7584,0.021995,45.47
67987,5.7808,0.022396,44.65
67988,5.8034,0.022581,44.28
67989,5.8246,0.021254,47.05
67990,5.8458,0.021138,47.31
67991,5.8671,0.021272,47.01
67992,5.8882,0.021112,47.37
67993,5.9100,0.021805,45.86
67994,5.9315,0.021532,46.44
67995,5.9528,0.021249,47.06
67996,5.9745,0.021716,46.05
67997,5.9960,0.021529,46.45
67998,6.0183,0.022298,44.85
67999,6.0405,0.022192,45.06
68000,6.0618,0.021256,47.05
68001,6.0855,0.023748,42.11
68002,6.1085,0.023032,43.42
68003,6.1320,0.023407,42.72
68004,6.1553,0.023360,42.81
68005,6.1782,0.022853,43.76
68006,6.2009,0.022688,44.08
68007,6.2227,0.021815,45.84
68008,6.2459,0.023200,43.10
68009,6.2687,0.022812,43.84
68010,6.2908,0.022151,45.15
68011,6.3132,0.022333,44.78
68012,6.3354,0.022250,44.94
68013,6.3564,0.021052,47.50
68014,6.3775,0.021071,47.46
68015,6.3988,0.021267,47.02
68016,6.4222,0.023456,42.63
68017,6.4435,0.021297,46.96
68018,6.4648,0.021222,47.12
68019,6.4866,0.021796,45.88
68020,6.5079,0.021297,46.95
68021,6.5292,0.021306,46.94
68022,6.5502,0.020993,47.63
68023,6.5710,0.020878,47.90
68024,6.5922,0.021209,47.15
68025,6.6138,0.021499,46.51
68026,6.6349,0.021163,47.25
68027,6.6565,0.021568,46.36
68028,6.6777,0.021274,47.01
68029,6.6993,0.021516,46.48
68030,6.7207,0.021458,46.60
68031,6.7416,0.020908,47.83
68032,6.7640,0.022418,44.61
68033,6.7853,0.021235,47.09
68034,6.8074,0.022117,45.21
68035,6.8282,0.020782,48.12
68036,6.8495,0.021302,46.94
68037,6.8705,0.020991,47.64
68038,6.8921,0.021596,46.31
68039,6.9138,0.021720,46.04
68040,6.9350,0.021198,47.17
68041,6.9561,0.021148,47.29
68042,6.9773,0.021129,47.33
68043,6.9984,0.021141,47.30
68044,7.0197,0.021304,46.94
68045,7.0407,0.020993,47.64
68046,7.0617,0.020994,47.63
68047,7.0832,0.021477,46.56
68048,7.1061,0.022983,43.51
68049,7.1317,0.025466,39.27
68050,7.1524,0.020777,48.13
68051,7.1745,0.022068,45.31
68052,7.1967,0.022175,45.10
68053,7.2180,0.021307,46.93
68054,7.2427,0.024718,40.46
68055,7.2692,0.026485,37.76
68056,7.2930,0.023781,42.05
68057,7.3151,0.022197,45.05
68058,7.3387,0.023583,42.40
68059,7.3600,0.021251,47.06
68060,7.3811,0.021121,47.35
68061,7.4031,0.021981,45.49
68062,7.4245,0.021429,46.67
68063,7.4459,0.021428,46.67
68064,7.4672,0.021266,47.02
68065,7.4885,0.021356,46.83
68066,7.5099,0.021379,46.77
68067,7.5310,0.021103,47.39
68068,7.5522,0.021169,47.24
68069,7.5732,0.021050,47.51
68070,7.5944,0.021169,47.24
68071,7.6149,0.020489,48.81
68072,7.6364,0.021441,46.64
68073,7.6578,0.021455,46.61
68074,7.6791,0.021293,46.96
68075,7.7006,0.021496,46.52
68076,7.7220,0.021369,46.80
68077,7.7432,0.021283,46.98
68078,7.7646,0.021313,46.92
68079,7.7858,0.021247,47.07
68080,7.8069,0.021162,47.25
68081,7.8282,0.021267,47.02
68082,7.8494,0.021212,47.14
68083,7.8708,0.021333,46.88
68084,7.8904,0.019633,50.94
68085,7.9116,0.021202,47.17
68086,7.9349,0.023249,43.01
68087,7.9561,0.021273,47.01
68088,7.9774,0.021222,47.12
68089,7.9985,0.021134,47.32
68090,8.0195,0.020954,47.72
68091,8.0411,0.021606,46.28
68092,8.0623,0.021248,47.06
68093,8.0834,0.021112,47.37
68094,8.1049,0.021502,46.51
68095,8.1263,0.021384,46.76
68096,8.1475,0.021205,47.16
68097,8.1686,0.021065,47.47
68098,8.1900,0.021424,46.68
68099,8.2112,0.021175,47.23
68100,8.2328,0.021615,46.27
68101,8.2548,0.022022,45.41
68102,8.2761,0.021295,46.96
68103,8.2974,0.021315,46.92
68104,8.3188,0.021449,46.62
68105,8.3403,0.021472,46.57
68106,8.3619,0.021615,46.26
68107,8.3834,0.021446,46.63
68108,8.4051,0.021721,46.04
68109,8.4269,0.021831,45.81
68110,8.4487,0.021802,45.87
68111,8.4699,0.021182,47.21
68112,8.4914,0.021456,46.61
68113,8.5125,0.021081,47.44
68114,8.5336,0.021115,47.36
68115,8.5555,0.021879,45.71
68116,8.5767,0.021280,46.99
68117,8.5982,0.021489,46.54
68118,8.6202,0.022016,45.42
68119,8.6412,0.020997,47.63
68120,8.6623,0.021080,47.44
68121,8.6837,0.021374,46.79
68122,8.7055,0.021781,45.91
68123,8.7267,0.021200,47.17
68124,8.7482,0.021478,46.56
68125,8.7695,0.021396,46.74
68126,8.7914,0.021919,45.62
68127,8.8126,0.021119,47.35
68128,8.8339,0.021257,47.04
68129,8.8553,0.021496,46.52
68130,8.8764,0.021074,47.45
68131,8.8978,0.021422,46.68
68132,8.9194,0.021592,46.31
68133,8.9407,0.021255,47.05
68134,8.9620,0.021325,46.89
68135,8.9828,0.020844,47.98
68136,9.0049,0.022020,45.41
68137,9.0262,0.021328,46.89
68138,9.0474,0.021238,47.09
68139,9.0693,0.021823,45.82
68140,9.0905,0.021209,47.15
68141,9.1120,0.021558,46.39
68142,9.1339,0.021815,45.84
68143,9.1578,0.023920,41.81
68144,9.1808,0.023042,43.40
68145,9.2043,0.023549,42.46
68146,9.2272,0.022875,43.72
68147,9.2517,0.024458,40.89
68148,9.2738,0.022148,45.15
68149,9.2961,0.022296,44.85
68150,9.3189,0.022795,43.87
68151,9.3405,0.021570,46.36
68152,9.3619,0.021415,46.70
68153,9.3830,0.021074,47.45
68154,9.4044,0.021392,46.75
68155,9.4261,0.021794,45.88
68156,9.4476,0.021452,46.62
68157,9.4689,0.021282,46.99
68158,9.4899,0.021033,47.55
68159,9.5114,0.021395,46.74
68160,9.5325,0.021203,47.16
68161,9.5540,0.021401,46.73
68162,9.5763,0.022377,44.69
68163,9.5978,0.021446,46.63
68164,9.6191,0.021331,46.88
68165,9.6405,0.021418,46.69
68166,9.6619,0.021344,46.85
68167,9.6828,0.020939,47.76
68168,9.7040,0.021183,47.21
68169,9.7266,0.022637,44.18
68170,9.7477,0.021055,47.49
68171,9.7690,0.021322,46.90
68172,9.7901,0.021094,47.41
68173,9.8119,0.021823,45.82
68174,9.8333,0.021330,46.88
68175,9.8544,0.021148,47.29
68176,9.8756,0.021239,47.08
68177,9.8968,0.021174,47.23
68178,9.9177,0.020925,47.79
68179,9.9429,0.025232,39.63
68180,9.9643,0.021369,46.80
68181,9.9855,0.021240,47.08
