TotalFrame,Time,DeltaTime,FPS
76587,0.0000,0.032429,30.84
76588,0.0000,0.032429,30.84
76589,0.0200,0.020000,50.00
76590,0.0500,0.030011,33.32
76591,0.0797,0.029627,33.75
76592,0.1088,0.029159,34.30
76593,0.1374,0.028617,34.94
76594,0.1683,0.030903,32.36
76595,0.1970,0.028664,34.89
76596,0.2260,0.029004,34.48
76597,0.2564,0.030449,32.84
76598,0.2858,0.029374,34.04
76599,0.3150,0.029195,34.25
76600,0.3443,0.029269,34.17
76601,0.3726,0.028328,35.30
76602,0.4011,0.028457,35.14
76603,0.4298,0.028723,34.82
76604,0.4590,0.029270,34.17
76605,0.4882,0.029137,34.32
76606,0.5172,0.028942,34.55
76607,0.5466,0.029468,33.94
76608,0.5754,0.028847,34.67
76609,0.6042,0.028812,34.71
76610,0.6332,0.028946,34.55
76611,0.6615,0.028269,35.37
76612,0.6903,0.028829,34.69
76613,0.7186,0.028357,35.26
76614,0.7473,0.028682,34.87
76615,0.7759,0.028622,34.94
76616,0.8049,0.028962,34.53
76617,0.8346,0.029691,33.68
76618,0.8630,0.028353,35.27
76619,0.8915,0.028524,35.06
76620,0.9200,0.028492,35.10
76621,0.9484,0.028406,35.20
76622,0.9772,0.028830,34.69
76623,1.0057,0.028489,35.10
76624,1.0350,0.029325,34.10
76625,1.0643,0.029285,34.15
76626,1.0935,0.029202,34.24
76627,1.1222,0.028647,34.91
76628,1.1505,0.028301,35.33
76629,1.1790,0.028520,35.06
76630,1.2073,0.028350,35.27
76631,1.2370,0.029676,33.70
76632,1.2656,0.028629,34.93
76633,1.2950,0.029380,34.04
76634,1.3249,0.029876,33.47
76635,1.3552,0.030254,33.05
76636,1.3857,0.030587,32.69
76637,1.4147,0.028978,34.51
76638,1.4442,0.029514,33.88
76639,1.4726,0.028390,35.22
76640,1.5018,0.029121,34.34
76641,1.5306,0.028865,34.64
76642,1.5604,0.029750,33.61
76643,1.5886,0.028292,35.35
76644,1.6177,0.029043,34.43
76645,1.6463,0.028639,34.92
76646,1.6752,0.028837,34.68
76647,1.7038,0.028623,34.94
76648,1.7323,0.028484,35.11
76649,1.7607,0.028388,35.23
76650,1.7894,0.028729,34.81
76651,1.8181,0.028725,34.81
76652,1.8470,0.028874,34.63
76653,1.8756,0.028627,34.93
76654,1.9044,0.028806,34.71
76655,1.9327,0.028258,35.39
76656,1.9612,0.028553,35.02
76657,1.9900,0.028758,34.77
76658,2.0187,0.028707,34.83
76659,2.0486,0.029925,33.42
76660,2.0773,0.028622,34.94
76661,2.1066,0.029301,34.13
76662,2.1349,0.028413,35.19
76663,2.1636,0.028652,34.90
76664,2.1921,0.028467,35.13
76665,2.2209,0.028884,34.62
76666,2.2498,0.028848,34.66
76667,2.2781,0.028264,35.38
76668,2.3065,0.028361,35.26
76669,2.3348,0.028360,35.26
76670,2.3640,0.029209,34.24
76671,2.3929,0.028930,34.57
76672,2.4209,0.027957,35.77
76673,2.4496,0.028699,34.84
76674,2.4778,0.028268,35.38
76675,2.5068,0.028939,34.56
76676,2.5363,0.029449,33.96
76677,2.5651,0.028831,34.69
76678,2.5941,0.029045,34.43
76679,2.6227,0.028644,34.91
76680,2.6509,0.028175,35.49
76681,2.6794,0.028512,35.07
76682,2.7082,0.028709,34.83
76683,2.7366,0.028396,35.22
76684,2.7654,0.028881,34.63
76685,2.7939,0.028512,35.07
76686,2.8226,0.028662,34.89
76687,2.8510,0.028364,35.26
76688,2.8801,0.029095,34.37
76689,2.9097,0.029599,33.78
76690,2.9382,0.028499,35.09
76691,2.9669,0.028712,34.83
76692,2.9952,0.028280,35.36
76693,3.0237,0.028512,35.07
76694,3.0537,0.029955,33.38
76695,3.0826,0.029028,34.45
76696,3.1112,0.028562,35.01
76697,3.1405,0.029267,34.17
76698,3.1690,0.028494,35.09
76699,3.1975,0.028541,35.04
76700,3.2239,0.026364,37.93
76701,3.2524,0.028551,35.02
76702,3.2824,0.029948,33.39
76703,3.3106,0.028221,35.43
76704,3.3396,0.028995,34.49
76705,3.3685,0.028928,34.57
76706,3.3970,0.028423,35.18
76707,3.4252,0.028227,35.43
76708,3.4539,0.028731,34.81
76709,3.4823,0.028372,35.25
76710,3.5107,0.028397,35.21
76711,3.5399,0.029176,34.27
76712,3.5684,0.028520,35.06
76713,3.5977,0.029357,34.06
76714,3.6260,0.028299,35.34
76715,3.6548,0.028785,34.74
76716,3.6834,0.028549,35.03
76717,3.7119,0.028536,35.04
76718,3.7422,0.030339,32.96
76719,3.7707,0.028464,35.13
76720,3.7993,0.028603,34.96
76721,3.8281,0.028810,34.71
76722,3.8563,0.028212,35.45
76723,3.8845,0.028203,35.46
76724,3.9133,0.028791,34.73
76725,3.9413,0.027998,35.72
76726,3.9698,0.028541,35.04
76727,3.9982,0.028288,35.35
76728,4.0267,0.028511,35.07
76729,4.0560,0.029300,34.13
76730,4.0850,0.028995,34.49
76731,4.1133,0.028373,35.24
76732,4.1420,0.028681,34.87
76733,4.1705,0.028539,35.04
76734,4.1990,0.028437,35.17
76735,4.2283,0.029261,34.18
76736,4.2564,0.028185,35.48
76737,4.2850,0.028521,35.06
76738,4.3137,0.028767,34.76
76739,4.3423,0.028553,35.02
76740,4.3712,0.028958,34.53
76741,4.3995,0.028261,35.38
76742,4.4282,0.028712,34.83
76743,4.4564,0.028200,35.46
76744,4.4856,0.029187,34.26
76745,4.5148,0.029210,34.24
76746,4.5446,0.029798,33.56
76747,4.5734,0.028757,34.77
76748,4.6016,0.028251,35.40
76749,4.6301,0.028553,35.02
76750,4.6603,0.030155,33.16
76751,4.6887,0.028326,35.30
76752,4.7171,0.028481,35.11
76753,4.7455,0.028434,35.17
76754,4.7740,0.028412,35.20
76755,4.8032,0.029231,34.21
76756,4.8313,0.028133,35.55
76757,4.8599,0.028536,35.04
76758,4.8885,0.028650,34.90
76759,4.9168,0.028268,35.38
76760,4.9451,0.028308,35.33
76761,4.9737,0.028598,34.97
76762,5.0018,0.028114,35.57
76763,5.0312,0.029365,34.05
76764,5.0615,0.030307,33.00
76765,5.0900,0.028506,35.08
76766,5.1188,0.028838,34.68
76767,5.1472,0.028319,35.31
76768,5.1772,0.030077,33.25
76769,5.2053,0.028067,35.63
76770,5.2342,0.028937,34.56
76771,5.2626,0.028335,35.29
76772,5.2909,0.028341,35.28
76773,5.3195,0.028633,34.92
76774,5.3485,0.028945,34.55
76775,5.3772,0.028751,34.78
76776,5.4055,0.028221,35.43
76777,5.4338,0.028366,35.25
76778,5.4622,0.028429,35.18
76779,5.4905,0.028291,35.35
76780,5.5191,0.028549,35.03
76781,5.5496,0.030474,32.81
76782,5.5779,0.028402,35.21
76783,5.6064,0.028441,35.16
76784,5.6353,0.028872,34.64
76785,5.6639,0.028695,34.85
76786,5.6923,0.028336,35.29
76787,5.7207,0.028419,35.19
76788,5.7495,0.028737,34.80
76789,5.7776,0.028198,35.46
76790,5.8061,0.028469,35.13
76791,5.8350,0.028883,34.62
76792,5.8636,0.028638,34.92
76793,5.8922,0.028566,35.01
76794,5.9223,0.030080,33.25
76795,5.9528,0.030510,32.78
76796,5.9816,0.028802,34.72
76797,6.0101,0.028462,35.13
76798,6.0390,0.028939,34.56
76799,6.0680,0.028978,34.51
76800,6.0966,0.028638,34.92
76801,6.1253,0.028701,34.84
76802,6.1542,0.028925,34.57
76803,6.1833,0.029046,34.43
76804,6.2117,0.028425,35.18
76805,6.2401,0.028432,35.17
76806,6.2695,0.029304,34.12
76807,6.2981,0.028665,34.89
76808,6.3288,0.030699,32.57
76809,6.3585,0.029653,33.72
76810,6.3896,0.031210,32.04
76811,6.4181,0.028445,35.16
76812,6.4467,0.028548,35.03
76813,6.4751,0.028434,35.17
76814,6.5037,0.028589,34.98
76815,6.5327,0.029007,34.47
76816,6.5626,0.029885,33.46
76817,6.5912,0.028695,34.85
76818,6.6196,0.028350,35.27
76819,6.6484,0.028764,34.77
76820,6.6769,0.028467,35.13
76821,6.7056,0.028773,34.76
76822,6.7336,0.027972,35.75
76823,6.7621,0.028485,35.11
76824,6.7911,0.029002,34.48
76825,6.8198,0.028648,34.91
76826,6.8485,0.028762,34.77
76827,6.8770,0.028482,35.11
76828,6.9059,0.028905,34.60
76829,6.9343,0.028422,35.18
76830,6.9630,0.028641,34.91
76831,6.9932,0.030232,33.08
76832,7.0225,0.029343,34.08
76833,7.0508,0.028288,35.35
76834,7.0794,0.028591,34.98
76835,7.1087,0.029314,34.11
76836,7.1376,0.028892,34.61
76837,7.1661,0.028554,35.02
76838,7.1962,0.030096,33.23
76839,7.2248,0.028528,35.05
76840,7.2537,0.028861,34.65
76841,7.2823,0.028718,34.82
76842,7.3109,0.028556,35.02
76843,7.3391,0.028122,35.56
76844,7.3676,0.028514,35.07
76845,7.3973,0.029794,33.56
76846,7.4258,0.028503,35.08
76847,7.4546,0.028735,34.80
76848,7.4831,0.028498,35.09
76849,7.5117,0.028551,35.03
76850,7.5406,0.028994,34.49
76851,7.5708,0.030180,33.13
76852,7.6010,0.030137,33.18
76853,7.6310,0.030017,33.32
76854,7.6621,0.031172,32.08
76855,7.6927,0.030641,32.64
76856,7.7240,0.031220,32.03
76857,7.7530,0.028983,34.50
76858,7.7825,0.029465,33.94
76859,7.8127,0.030252,33.06
76860,7.8417,0.029014,34.47
76861,7.8702,0.028536,35.04
76862,7.8988,0.028554,35.02
76863,7.9279,0.029047,34.43
76864,7.9566,0.028767,34.76
76865,7.9851,0.028511,35.07
76866,8.0137,0.028599,34.97
76867,8.0424,0.028702,34.84
76868,8.0710,0.028649,34.91
76869,8.1015,0.030408,32.89
76870,8.1308,0.029307,34.12
76871,8.1588,0.027988,35.73
76872,8.1872,0.028429,35.18
76873,8.2162,0.029003,34.48
76874,8.2449,0.028665,34.89
76875,8.2736,0.028706,34.84
76876,8.3019,0.028287,35.35
76877,8.3306,0.028754,34.78
76878,8.3598,0.029171,34.28
76879,8.3881,0.028280,35.36
76880,8.4166,0.028486,35.10
76881,8.4453,0.028704,34.84
76882,8.4740,0.028750,34.78
76883,8.5023,0.028296,35.34
76884,8.5320,0.029700,33.67
76885,8.5674,0.035427,28.23
76886,8.6014,0.033977,29.43
76887,8.6330,0.031597,31.65
76888,8.6613,0.028242,35.41
76889,8.6902,0.028937,34.56
76890,8.7193,0.029114,34.35
76891,8.7484,0.029071,34.40
76892,8.7766,0.028203,35.46
76893,8.8049,0.028377,35.24
76894,8.8333,0.028309,35.32
76895,8.8620,0.028753,34.78
76896,8.8907,0.028686,34.86
76897,8.9190,0.028302,35.33
76898,8.9475,0.028513,35.07
76899,8.9761,0.028601,34.96
76900,9.0043,0.028232,35.42
76901,9.0332,0.028870,34.64
76902,9.0616,0.028349,35.28
76903,9.0905,0.028936,34.56
76904,9.1210,0.030438,32.85
76905,9.1485,0.027566,36.28
76906,9.1771,0.028558,35.02
76907,9.2059,0.028817,34.70
76908,9.2349,0.028962,34.53
76909,9.2632,0.028422,35.18
76910,9.2922,0.028926,34.57
76911,9.3207,0.028516,35.07
76912,9.3491,0.028401,35.21
76913,9.3775,0.028369,35.25
76914,9.4073,0.029792,33.57
76915,9.4366,0.029303,34.13
76916,9.4649,0.028334,35.29
76917,9.4944,0.029565,33.82
76918,9.5230,0.028518,35.07
76919,9.5514,0.028403,35.21
76920,9.5801,0.028762,34.77
76921,9.6097,0.029594,33.79
76922,9.6379,0.028190,35.47
76923,9.6664,0.028493,35.10
76924,9.6951,0.028624,34.94
76925,9.7237,0.028640,34.92
76926,9.7521,0.028396,35.22
76927,9.7804,0.028277,35.36
76928,9.8101,0.029768,33.59
76929,9.8386,0.028451,35.15
76930,9.8671,0.028521,35.06
76931,9.8956,0.028481,35.11
76932,9.9243,0.028688,34.86
76933,9.9526,0.028326,35.30
76934,9.9810,0.028325,35.30
