TotalFrame,Time,DeltaTime,FPS
78615,0.0000,0.033640,29.73
78616,0.0000,0.033640,29.73
78617,0.0200,0.020000,50.00
78618,0.0510,0.030965,32.29
78619,0.0826,0.031716,31.53
78620,0.1149,0.032213,31.04
78621,0.1476,0.032771,30.51
78622,0.1802,0.032516,30.75
78623,0.2131,0.032905,30.39
78624,0.2457,0.032592,30.68
78625,0.2770,0.031368,31.88
78626,0.3080,0.031012,32.25
78627,0.3399,0.031836,31.41
78628,0.3726,0.032704,30.58
78629,0.4036,0.030965,32.29
78630,0.4365,0.032927,30.37
78631,0.4678,0.031369,31.88
78632,0.4990,0.031169,32.08
78633,0.5309,0.031933,31.32
78634,0.5634,0.032437,30.83
78635,0.5947,0.031298,31.95
78636,0.6287,0.033970,29.44
78637,0.6606,0.031917,31.33
78638,0.6920,0.031445,31.80
78639,0.7228,0.030832,32.43
78640,0.7540,0.031121,32.13
78641,0.7850,0.031064,32.19
78642,0.8174,0.032421,30.84
78643,0.8487,0.031258,31.99
78644,0.8792,0.030512,32.77
78645,0.9106,0.031385,31.86
78646,0.9436,0.032984,30.32
78647,0.9761,0.032544,30.73
78648,1.0071,0.031019,32.24
78649,1.0399,0.032778,30.51
78650,1.0718,0.031913,31.33
78651,1.1025,0.030687,32.59
78652,1.1344,0.031870,31.38
78653,1.1657,0.031280,31.97
78654,1.1970,0.031269,31.98
78655,1.2277,0.030792,32.48
78656,1.2592,0.031434,31.81
78657,1.2913,0.032162,31.09
78658,1.3245,0.033099,30.21
78659,1.3560,0.031525,31.72
78660,1.3898,0.033863,29.53
78661,1.4213,0.031490,31.76
78662,1.4524,0.031065,32.19
78663,1.4830,0.030581,32.70
78664,1.5137,0.030704,32.57
78665,1.5447,0.030995,32.26
78666,1.5756,0.030879,32.38
78667,1.6064,0.030843,32.42
78668,1.6381,0.031715,31.53
78669,1.6691,0.031052,32.20
78670,1.7007,0.031506,31.74
78671,1.7314,0.030811,32.46
78672,1.7628,0.031315,31.93
78673,1.7938,0.031019,32.24
78674,1.8245,0.030652,32.62
78675,1.8549,0.030491,32.80
78676,1.8855,0.030537,32.75
78677,1.9167,0.031208,32.04
78678,1.9471,0.030427,32.87
78679,1.9785,0.031392,31.86
78680,2.0094,0.030883,32.38
78681,2.0401,0.030732,32.54
78682,2.0709,0.030732,32.54
78683,2.1032,0.032367,30.90
78684,2.1351,0.031873,31.37
78685,2.1662,0.031105,32.15
78686,2.1979,0.031718,31.53
78687,2.2294,0.031505,31.74
78688,2.2605,0.031103,32.15
78689,2.2912,0.030670,32.61
78690,2.3219,0.030679,32.60
78691,2.3529,0.031008,32.25
78692,2.3836,0.030696,32.58
78693,2.4145,0.030933,32.33
78694,2.4462,0.031719,31.53
78695,2.4771,0.030807,32.46
78696,2.5079,0.030861,32.40
78697,2.5391,0.031196,32.06
78698,2.5696,0.030470,32.82
78699,2.6000,0.030487,32.80
78700,2.6323,0.032278,30.98
78701,2.6631,0.030783,32.49
78702,2.6945,0.031379,31.87
78703,2.7260,0.031445,31.80
78704,2.7565,0.030622,32.66
78705,2.7874,0.030888,32.38
78706,2.8185,0.031041,32.22
78707,2.8493,0.030830,32.44
78708,2.8802,0.030946,32.31
78709,2.9109,0.030613,32.67
78710,2.9411,0.030211,33.10
78711,2.9720,0.030909,32.35
78712,3.0026,0.030629,32.65
78713,3.0349,0.032261,31.00
78714,3.0670,0.032050,31.20
78715,3.0999,0.032933,30.36
78716,3.1320,0.032118,31.14
78717,3.1628,0.030797,32.47
78718,3.1935,0.030753,32.52
78719,3.2242,0.030665,32.61
78720,3.2548,0.030537,32.75
78721,3.2857,0.030987,32.27
78722,3.3165,0.030795,32.47
78723,3.3478,0.031311,31.94
78724,3.3784,0.030552,32.73
78725,3.4069,0.028488,35.10
78726,3.4377,0.030797,32.47
78727,3.4684,0.030717,32.56
78728,3.4987,0.030290,33.01
78729,3.5295,0.030861,32.40
78730,3.5605,0.031008,32.25
78731,3.5911,0.030570,32.71
78732,3.6227,0.031616,31.63
78733,3.6534,0.030718,32.55
78734,3.6839,0.030445,32.85
78735,3.7152,0.031304,31.94
78736,3.7463,0.031075,32.18
78737,3.7769,0.030608,32.67
78738,3.8077,0.030819,32.45
78739,3.8391,0.031327,31.92
78740,3.8701,0.031052,32.20
78741,3.9008,0.030731,32.54
78742,3.9318,0.030939,32.32
78743,3.9628,0.030996,32.26
78744,3.9935,0.030812,32.45
78745,4.0244,0.030841,32.42
78746,4.0533,0.028953,34.54
78747,4.0840,0.030614,32.67
78748,4.1153,0.031336,31.91
78749,4.1462,0.030861,32.40
78750,4.1766,0.030469,32.82
78751,4.2073,0.030714,32.56
78752,4.2375,0.030171,33.14
78753,4.2692,0.031641,31.60
78754,4.3005,0.031385,31.86
78755,4.3310,0.030430,32.86
78756,4.3624,0.031460,31.79
78757,4.3929,0.030516,32.77
78758,4.4236,0.030644,32.63
78759,4.4543,0.030732,32.54
78760,4.4856,0.031255,31.99
78761,4.5165,0.030892,32.37
78762,4.5480,0.031595,31.65
78763,4.5790,0.030920,32.34
78764,4.6097,0.030754,32.52
78765,4.6424,0.032691,30.59
78766,4.6728,0.030380,32.92
78767,4.7032,0.030427,32.87
78768,4.7349,0.031705,31.54
78769,4.7661,0.031179,32.07
78770,4.7971,0.030939,32.32
78771,4.8275,0.030426,32.87
78772,4.8580,0.030529,32.76
78773,4.8884,0.030430,32.86
78774,4.9191,0.030676,32.60
78775,4.9500,0.030875,32.39
78776,4.9808,0.030774,32.49
78777,5.0115,0.030716,32.56
78778,5.0421,0.030572,32.71
78779,5.0724,0.030354,32.94
78780,5.1029,0.030486,32.80
78781,5.1350,0.032137,31.12
78782,5.1654,0.030390,32.91
78783,5.1963,0.030883,32.38
78784,5.2269,0.030547,32.74
78785,5.2578,0.030958,32.30
78786,5.2886,0.030848,32.42
78787,5.3194,0.030716,32.56
78788,5.3502,0.030798,32.47
78789,5.3806,0.030449,32.84
78790,5.4109,0.030267,33.04
78791,5.4428,0.031933,31.32
78792,5.4761,0.033300,30.03
78793,5.5067,0.030515,32.77
78794,5.5375,0.030845,32.42
78795,5.5681,0.030585,32.70
78796,5.5990,0.030952,32.31
78797,5.6307,0.031667,31.58
78798,5.6609,0.030186,33.13
78799,5.6915,0.030646,32.63
78800,5.7222,0.030652,32.62
78801,5.7535,0.031301,31.95
78802,5.7874,0.033887,29.51
78803,5.8208,0.033470,29.88
78804,5.8527,0.031837,31.41
78805,5.8840,0.031337,31.91
78806,5.9150,0.031070,32.19
78807,5.9459,0.030785,32.48
78808,5.9767,0.030864,32.40
78809,6.0076,0.030825,32.44
78810,6.0378,0.030274,33.03
78811,6.0685,0.030709,32.56
78812,6.0994,0.030892,32.37
78813,6.1304,0.031035,32.22
78814,6.1630,0.032544,30.73
78815,6.1934,0.030410,32.88
78816,6.2244,0.031031,32.23
78817,6.2551,0.030673,32.60
78818,6.2874,0.032305,30.95
78819,6.3179,0.030508,32.78
78820,6.3485,0.030597,32.68
78821,6.3795,0.031009,32.25
78822,6.4097,0.030197,33.12
78823,6.4403,0.030597,32.68
78824,6.4712,0.030887,32.38
78825,6.5018,0.030582,32.70
78826,6.5324,0.030623,32.66
78827,6.5629,0.030535,32.75
78828,6.5946,0.031651,31.59
78829,6.6250,0.030403,32.89
78830,6.6567,0.031648,31.60
78831,6.6871,0.030408,32.89
78832,6.7178,0.030711,32.56
78833,6.7502,0.032444,30.82
78834,6.7809,0.030674,32.60
78835,6.8111,0.030182,33.13
78836,6.8418,0.030711,32.56
78837,6.8723,0.030543,32.74
78838,6.9030,0.030715,32.56
78839,6.9335,0.030468,32.82
78840,6.9645,0.030952,32.31
78841,6.9960,0.031494,31.75
78842,7.0269,0.030948,32.31
78843,7.0571,0.030181,33.13
78844,7.0895,0.032412,30.85
78845,7.1213,0.031792,31.45
78846,7.1528,0.031547,31.70
78847,7.1835,0.030635,32.64
78848,7.2141,0.030662,32.61
78849,7.2448,0.030605,32.67
78850,7.2758,0.031072,32.18
78851,7.3073,0.031498,31.75
78852,7.3383,0.031040,32.22
78853,7.3687,0.030318,32.98
78854,7.3997,0.031028,32.23
78855,7.4300,0.030293,33.01
78856,7.4611,0.031154,32.10
78857,7.4926,0.031427,31.82
78858,7.5231,0.030543,32.74
78859,7.5562,0.033133,30.18
78860,7.5914,0.035114,28.48
78861,7.6263,0.034930,28.63
78862,7.6632,0.036893,27.11
78863,7.6990,0.035765,27.96
78864,7.7358,0.036885,27.11
78865,7.7674,0.031587,31.66
78866,7.7985,0.031056,32.20
78867,7.8293,0.030901,32.36
78868,7.8600,0.030678,32.60
78869,7.8905,0.030451,32.84
78870,7.9221,0.031645,31.60
78871,7.9526,0.030499,32.79
78872,7.9832,0.030536,32.75
78873,8.0136,0.030396,32.90
78874,8.0453,0.031739,31.51
78875,8.0751,0.029791,33.57
78876,8.1070,0.031866,31.38
78877,8.1402,0.033231,30.09
78878,8.1713,0.031095,32.16
78879,8.2039,0.032631,30.65
78880,8.2346,0.030656,32.62
78881,8.2654,0.030879,32.38
78882,8.2960,0.030562,32.72
78883,8.3270,0.031001,32.26
78884,8.3576,0.030570,32.71
78885,8.3881,0.030543,32.74
78886,8.4193,0.031081,32.17
78887,8.4498,0.030540,32.74
78888,8.4805,0.030783,32.49
78889,8.5121,0.031556,31.69
78890,8.5427,0.030624,32.65
78891,8.5738,0.031084,32.17
78892,8.6049,0.031055,32.20
78893,8.6359,0.031006,32.25
78894,8.6666,0.030743,32.53
78895,8.6981,0.031418,31.83
78896,8.7316,0.033536,29.82
78897,8.7623,0.030733,32.54
78898,8.7930,0.030757,32.51
78899,8.8237,0.030657,32.62
78900,8.8555,0.031770,31.48
78901,8.8865,0.031017,32.24
78902,8.9175,0.030967,32.29
78903,8.9482,0.030697,32.58
78904,8.9789,0.030731,32.54
78905,9.0103,0.031429,31.82
78906,9.0421,0.031812,31.43
78907,9.0706,0.028502,35.09
78908,9.1025,0.031876,31.37
78909,9.1339,0.031312,31.94
78910,9.1646,0.030728,32.54
78911,9.1953,0.030737,32.53
78912,9.2278,0.032539,30.73
78913,9.2594,0.031545,31.70
78914,9.2903,0.030991,32.27
78915,9.3211,0.030716,32.56
78916,9.3519,0.030784,32.48
78917,9.3834,0.031520,31.73
78918,9.4139,0.030504,32.78
78919,9.4446,0.030757,32.51
78920,9.4757,0.031041,32.22
78921,9.5066,0.030883,32.38
78922,9.5378,0.031246,32.00
78923,9.5684,0.030585,32.70
78924,9.6000,0.031565,31.68
78925,9.6310,0.030991,32.27
78926,9.6619,0.030983,32.28
78927,9.6927,0.030754,32.52
78928,9.7236,0.030914,32.35
78929,9.7549,0.031337,31.91
78930,9.7863,0.031346,31.90
78931,9.8173,0.030988,32.27
78932,9.8491,0.031817,31.43
78933,9.8802,0.031091,32.16
78934,9.9110,0.030832,32.43
78935,9.9413,0.030287,33.02
78936,9.9720,0.030747,32.52
