TotalFrame,Time,DeltaTime,FPS
62076,0.0000,0.021862,45.74
62077,0.0000,0.021862,45.74
62078,0.0200,0.020000,50.00
62079,0.0399,0.019874,50.32
62080,0.0587,0.018884,52.95
62081,0.0786,0.019824,50.44
62082,0.0976,0.019009,52.61
62083,0.1154,0.017800,56.18
62084,0.1332,0.017821,56.11
62085,0.1511,0.017893,55.89
62086,0.1693,0.018153,55.09
62087,0.1870,0.017716,56.45
62088,0.2049,0.017928,55.78
62089,0.2233,0.018428,54.27
62090,0.2412,0.017874,55.95
62091,0.2592,0.018036,55.45
62092,0.2776,0.018357,54.48
62093,0.2958,0.018260,54.76
62094,0.3138,0.017921,55.80
62095,0.3321,0.018313,54.61
62096,0.3501,0.018056,55.38
62097,0.3680,0.017893,55.89
62098,0.3858,0.017781,56.24
62099,0.4037,0.017923,55.80
62100,0.4216,0.017872,55.96
62101,0.4395,0.017910,55.83
62102,0.4576,0.018029,55.47
62103,0.4759,0.018383,54.40
62104,0.4936,0.017689,56.53
62105,0.5117,0.018120,55.19
62106,0.5304,0.018610,53.73
62107,0.5482,0.017842,56.05
62108,0.5661,0.017887,55.91
62109,0.5845,0.018437,54.24
62110,0.6024,0.017831,56.08
62111,0.6203,0.017948,55.72
62112,0.6383,0.018032,55.46
62113,0.6565,0.018196,54.96
62114,0.6754,0.018848,53.06
62115,0.6939,0.018534,53.96
62116,0.7125,0.018609,53.74
62117,0.7309,0.018369,54.44
62118,0.7489,0.018011,55.52
62119,0.7668,0.017876,55.94
62120,0.7845,0.017725,56.42
62121,0.8027,0.018244,54.81
62122,0.8207,0.017995,55.57
62123,0.8405,0.019705,50.75
62124,0.8613,0.020903,47.84
62125,0.8814,0.020081,49.80
62126,0.9010,0.019618,50.97
62127,0.9208,0.019810,50.48
62128,0.9386,0.017768,56.28
62129,0.9561,0.017530,57.05
62130,0.9729,0.016801,59.52
62131,0.9912,0.018255,54.78
62132,1.0093,0.018109,55.22
62133,1.0290,0.019702,50.76
62134,1.0470,0.017927,55.78
62135,1.0652,0.018191,54.97
62136,1.0833,0.018131,55.15
62137,1.1011,0.017838,56.06
62138,1.1194,0.018334,54.54
62139,1.1373,0.017872,55.95
62140,1.1554,0.018058,55.38
62141,1.1732,0.017874,55.95
62142,1.1911,0.017921,55.80
62143,1.2093,0.018155,55.08
62144,1.2274,0.018136,55.14
62145,1.2453,0.017810,56.15
62146,1.2631,0.017850,56.02
62147,1.2810,0.017834,56.07
62148,1.2987,0.017710,56.47
62149,1.3167,0.018115,55.20
62150,1.3358,0.019074,52.43
62151,1.3551,0.019301,51.81
62152,1.3743,0.019161,52.19
62153,1.3935,0.019205,52.07
62154,1.4126,0.019113,52.32
62155,1.4317,0.019079,52.41
62156,1.4516,0.019865,50.34
62157,1.4704,0.018778,53.25
62158,1.4886,0.018237,54.83
62159,1.5066,0.018026,55.47
62160,1.5260,0.019378,51.61
62161,1.5440,0.017969,55.65
62162,1.5620,0.018055,55.39
62163,1.5799,0.017925,55.79
62164,1.5981,0.018128,55.16
62165,1.6160,0.017942,55.73
62166,1.6341,0.018108,55.22
62167,1.6519,0.017779,56.24
62168,1.6701,0.018195,54.96
62169,1.6883,0.018146,55.11
62170,1.7060,0.017766,56.29
62171,1.7243,0.018301,54.64
62172,1.7429,0.018589,53.79
62173,1.7620,0.019096,52.37
62174,1.7804,0.018399,54.35
62175,1.7989,0.018526,53.98
62176,1.8177,0.018757,53.31
62177,1.8356,0.017903,55.86
62178,1.8535,0.017932,55.77
62179,1.8722,0.018650,53.62
62180,1.8899,0.017784,56.23
62181,1.9078,0.017890,55.90
62182,1.9285,0.020691,48.33
62183,1.9476,0.019079,52.42
62184,1.9664,0.018809,53.17
62185,1.9844,0.017974,55.63
62186,2.0028,0.018417,54.30
62187,2.0208,0.017978,55.62
62188,2.0398,0.019072,52.43
62189,2.0578,0.017932,55.77
62190,2.0758,0.018006,55.54
62191,2.0940,0.018242,54.82
62192,2.1117,0.017653,56.65
62193,2.1295,0.017826,56.10
62194,2.1474,0.017908,55.84
62195,2.1652,0.017750,56.34
62196,2.1830,0.017870,55.96
62197,2.2011,0.018059,55.37
62198,2.2190,0.017879,55.93
62199,2.2370,0.018031,55.46
62200,2.2553,0.018303,54.64
62201,2.2734,0.018103,55.24
62202,2.2914,0.018004,55.54
62203,2.3095,0.018113,55.21
62204,2.3283,0.018734,53.38
62205,2.3460,0.017739,56.37
62206,2.3639,0.017916,55.82
62207,2.3818,0.017910,55.83
62208,2.3997,0.017858,56.00
62209,2.4178,0.018121,55.18
62210,2.4355,0.017685,56.55
62211,2.4533,0.017834,56.07
62212,2.4715,0.018176,55.02
62213,2.4892,0.017727,56.41
62214,2.5070,0.017787,56.22
62215,2.5249,0.017908,55.84
62216,2.5436,0.018691,53.50
62217,2.5617,0.018149,55.10
62218,2.5798,0.018052,55.39
62219,2.5976,0.017765,56.29
62220,2.6157,0.018134,55.14
62221,2.6338,0.018100,55.25
62222,2.6517,0.017888,55.90
62223,2.6696,0.017871,55.96
62224,2.6875,0.017876,55.94
62225,2.7056,0.018127,55.17
62226,2.7235,0.017953,55.70
62227,2.7415,0.018016,55.51
62228,2.7592,0.017701,56.50
62229,2.7772,0.017925,55.79
62230,2.7951,0.017937,55.75
62231,2.8131,0.017987,55.60
62232,2.8310,0.017844,56.04
62233,2.8488,0.017860,55.99
62234,2.8670,0.018159,55.07
62235,2.8847,0.017747,56.35
62236,2.9024,0.017737,56.38
62237,2.9203,0.017897,55.88
62238,2.9391,0.018737,53.37
62239,2.9571,0.017978,55.62
62240,2.9754,0.018303,54.63
62241,2.9933,0.017885,55.91
62242,3.0111,0.017865,55.98
62243,3.0295,0.018430,54.26
62244,3.0478,0.018209,54.92
62245,3.0670,0.019291,51.84
62246,3.0865,0.019458,51.39
62247,3.1060,0.019477,51.34
62248,3.1251,0.019111,52.33
62249,3.1445,0.019436,51.45
62250,3.1641,0.019599,51.02
62251,3.1833,0.019235,51.99
62252,3.2021,0.018744,53.35
62253,3.2202,0.018155,55.08
62254,3.2381,0.017853,56.01
62255,3.2566,0.018454,54.19
62256,3.2756,0.019060,52.47
62257,3.2952,0.019584,51.06
62258,3.3142,0.019042,52.51
62259,3.3336,0.019400,51.55
62260,3.3532,0.019542,51.17
62261,3.3712,0.017986,55.60
62262,3.3889,0.017709,56.47
62263,3.4067,0.017851,56.02
62264,3.4246,0.017844,56.04
62265,3.4423,0.017734,56.39
62266,3.4600,0.017690,56.53
62267,3.4780,0.017992,55.58
62268,3.4958,0.017780,56.24
62269,3.5136,0.017885,55.91
62270,3.5324,0.018734,53.38
62271,3.5501,0.017737,56.38
62272,3.5678,0.017673,56.58
62273,3.5857,0.017898,55.87
62274,3.6038,0.018101,55.24
62275,3.6219,0.018104,55.24
62276,3.6393,0.017406,57.45
62277,3.6574,0.018069,55.34
62278,3.6755,0.018149,55.10
62279,3.6935,0.018013,55.51
62280,3.7121,0.018566,53.86
62281,3.7314,0.019300,51.81
62282,3.7503,0.018939,52.80
62283,3.7694,0.019044,52.51
62284,3.7886,0.019235,51.99
62285,3.8076,0.019051,52.49
62286,3.8269,0.019178,52.14
62287,3.8462,0.019318,51.77
62288,3.8640,0.017871,55.96
62289,3.8822,0.018152,55.09
62290,3.9001,0.017912,55.83
62291,3.9181,0.017952,55.70
62292,3.9359,0.017883,55.92
62293,3.9545,0.018559,53.88
62294,3.9723,0.017826,56.10
62295,3.9904,0.018062,55.36
62296,4.0085,0.018081,55.31
62297,4.0268,0.018330,54.55
62298,4.0451,0.018292,54.67
62299,4.0636,0.018543,53.93
62300,4.0832,0.019515,51.24
62301,4.1028,0.019595,51.03
62302,4.1224,0.019645,50.90
62303,4.1416,0.019211,52.05
62304,4.1606,0.019000,52.63
62305,4.1782,0.017570,56.92
62306,4.1960,0.017825,56.10
62307,4.2139,0.017919,55.81
62308,4.2318,0.017886,55.91
62309,4.2497,0.017907,55.85
62310,4.2676,0.017931,55.77
62311,4.2854,0.017765,56.29
62312,4.3031,0.017759,56.31
62313,4.3210,0.017861,55.99
62314,4.3390,0.017963,55.67
62315,4.3571,0.018094,55.27
62316,4.3751,0.018036,55.44
62317,4.3929,0.017781,56.24
62318,4.4107,0.017789,56.21
62319,4.4287,0.018057,55.38
62320,4.4466,0.017876,55.94
62321,4.4644,0.017801,56.18
62322,4.4828,0.018379,54.41
62323,4.5003,0.017564,56.94
62324,4.5183,0.017905,55.85
62325,4.5371,0.018869,53.00
62326,4.5550,0.017845,56.04
62327,4.5730,0.018024,55.48
62328,4.5908,0.017785,56.23
62329,4.6084,0.017583,56.87
62330,4.6256,0.017205,58.12
62331,4.6436,0.018052,55.40
62332,4.6617,0.018004,55.54
62333,4.6798,0.018149,55.10
62334,4.6978,0.018007,55.53
62335,4.7157,0.017907,55.84
62336,4.7336,0.017944,55.73
62337,4.7517,0.018084,55.30
62338,4.7702,0.018523,53.99
62339,4.7880,0.017738,56.38
62340,4.8059,0.017887,55.91
62341,4.8237,0.017862,55.98
62342,4.8416,0.017855,56.01
62343,4.8592,0.017664,56.61
62344,4.8777,0.018391,54.37
62345,4.8955,0.017876,55.94
62346,4.9132,0.017696,56.51
62347,4.9312,0.017950,55.71
62348,4.9491,0.017943,55.73
62349,4.9674,0.018360,54.47
62350,4.9854,0.017904,55.85
62351,5.0032,0.017840,56.05
62352,5.0208,0.017638,56.70
62353,5.0394,0.018578,53.83
62354,5.0573,0.017831,56.08
62355,5.0752,0.017910,55.83
62356,5.0934,0.018200,54.95
62357,5.1114,0.018079,55.31
62358,5.1293,0.017882,55.92
62359,5.1476,0.018210,54.91
62360,5.1653,0.017782,56.24
62361,5.1831,0.017787,56.22
62362,5.2009,0.017771,56.27
62363,5.2189,0.018049,55.40
62364,5.2370,0.018017,55.50
62365,5.2548,0.017868,55.97
62366,5.2726,0.017812,56.14
62367,5.2907,0.018048,55.41
62368,5.3086,0.017878,55.93
62369,5.3264,0.017851,56.02
62370,5.3446,0.018168,55.04
62371,5.3640,0.019504,51.27
62372,5.3831,0.019035,52.54
62373,5.4001,0.016970,58.93
62374,5.4178,0.017759,56.31
62375,5.4358,0.017937,55.75
62376,5.4536,0.017860,55.99
62377,5.4715,0.017866,55.97
62378,5.4903,0.018751,53.33
62379,5.5080,0.017805,56.16
62380,5.5269,0.018856,53.03
62381,5.5456,0.018708,53.45
62382,5.5633,0.017709,56.47
62383,5.5811,0.017750,56.34
62384,5.5994,0.018346,54.51
62385,5.6175,0.018082,55.30
62386,5.6355,0.018004,55.54
62387,5.6543,0.018746,53.34
62388,5.6728,0.018493,54.07
62389,5.6905,0.017801,56.18
62390,5.7085,0.017921,55.80
62391,5.7253,0.016861,59.31
62392,5.7444,0.019046,52.50
62393,5.7623,0.017900,55.87
62394,5.7802,0.017931,55.77
62395,5.7981,0.017897,55.88
62396,5.8161,0.017975,55.63
62397,5.8342,0.018103,55.24
62398,5.8523,0.018143,55.12
62399,5.8704,0.018090,55.28
62400,5.8885,0.018118,55.19
62401,5.9065,0.017932,55.77
62402,5.9247,0.018225,54.87
62403,5.9428,0.018121,55.19
62404,5.9615,0.018659,53.59
62405,5.9792,0.017773,56.27
62406,5.9973,0.018019,55.50
62407,6.0152,0.017960,55.68
62408,6.0337,0.018472,54.14
62409,6.0520,0.018292,54.67
62410,6.0696,0.017631,56.72
62411,6.0876,0.017962,55.67
62412,6.1054,0.017873,55.95
62413,6.1234,0.017999,55.56
62414,6.1412,0.017761,56.30
62415,6.1590,0.017757,56.31
62416,6.1773,0.018340,54.53
62417,6.1949,0.017626,56.73
62418,6.2130,0.018054,55.39
62419,6.2310,0.017992,55.58
62420,6.2492,0.018191,54.97
62421,6.2671,0.017962,55.67
62422,6.2853,0.018201,54.94
62423,6.3034,0.018091,55.27
62424,6.3214,0.017956,55.69
62425,6.3393,0.017922,55.80
62426,6.3578,0.018547,53.92
62427,6.3758,0.018003,55.55
62428,6.3941,0.018264,54.75
62429,6.4118,0.017745,56.35
62430,6.4298,0.017978,55.62
62431,6.4478,0.018032,55.46
62432,6.4659,0.017975,55.63
62433,6.4848,0.018900,52.91
62434,6.5027,0.017906,55.85
62435,6.5210,0.018370,54.44
62436,6.5392,0.018221,54.88
62437,6.5572,0.017982,55.61
62438,6.5751,0.017882,55.92
62439,6.5930,0.017950,55.71
62440,6.6112,0.018154,55.09
62441,6.6290,0.017767,56.28
62442,6.6468,0.017845,56.04
62443,6.6649,0.018069,55.34
62444,6.6833,0.018394,54.36
62445,6.7013,0.017950,55.71
62446,6.7191,0.017921,55.80
62447,6.7379,0.018764,53.29
62448,6.7565,0.018570,53.85
62449,6.7749,0.018435,54.25
62450,6.7937,0.018758,53.31
62451,6.8110,0.017321,57.73
62452,6.8295,0.018509,54.03
62453,6.8476,0.018073,55.33
62454,6.8655,0.017910,55.83
62455,6.8836,0.018058,55.38
62456,6.9019,0.018362,54.46
62457,6.9198,0.017867,55.97
62458,6.9376,0.017827,56.09
62459,6.9553,0.017698,56.50
62460,6.9731,0.017776,56.26
62461,6.9910,0.017892,55.89
62462,7.0089,0.017938,55.75
62463,7.0276,0.018623,53.70
62464,7.0458,0.018291,54.67
62465,7.0638,0.018000,55.55
62466,7.0819,0.018139,55.13
62467,7.0999,0.018000,55.56
62468,7.1175,0.017500,57.14
62469,7.1356,0.018111,55.21
62470,7.1536,0.018028,55.47
62471,7.1715,0.017942,55.74
62472,7.1899,0.018284,54.69
62473,7.2082,0.018381,54.40
62474,7.2262,0.018000,55.56
62475,7.2446,0.018369,54.44
62476,7.2629,0.018325,54.57
62477,7.2820,0.019108,52.33
62478,7.3011,0.019110,52.33
62479,7.3200,0.018922,52.85
62480,7.3392,0.019164,52.18
62481,7.3575,0.018213,54.91
62482,7.3752,0.017804,56.17
62483,7.3935,0.018215,54.90
62484,7.4111,0.017649,56.66
62485,7.4289,0.017832,56.08
62486,7.4469,0.017946,55.72
62487,7.4647,0.017832,56.08
62488,7.4828,0.018097,55.26
62489,7.5013,0.018449,54.20
62490,7.5191,0.017882,55.92
62491,7.5388,0.019675,50.83
62492,7.5580,0.019173,52.16
62493,7.5770,0.019030,52.55
62494,7.5962,0.019151,52.22
62495,7.6139,0.017694,56.52
62496,7.6316,0.017745,56.35
62497,7.6495,0.017928,55.78
62498,7.6675,0.017933,55.76
62499,7.6856,0.018136,55.14
62500,7.7035,0.017957,55.69
62501,7.7215,0.017886,55.91
62502,7.7392,0.017760,56.31
62503,7.7573,0.018080,55.31
62504,7.7750,0.017721,56.43
62505,7.7929,0.017870,55.96
62506,7.8109,0.018087,55.29
62507,7.8287,0.017781,56.24
62508,7.8466,0.017836,56.07
62509,7.8645,0.017890,55.90
62510,7.8830,0.018523,53.99
62511,7.9015,0.018470,54.14
62512,7.9192,0.017751,56.34
62513,7.9372,0.017998,55.56
62514,7.9553,0.018112,55.21
62515,7.9731,0.017814,56.14
62516,7.9912,0.018043,55.42
62517,8.0092,0.017984,55.60
62518,8.0293,0.020114,49.72
62519,8.0471,0.017799,56.18
62520,8.0653,0.018253,54.79
62521,8.0830,0.017746,56.35
62522,8.1012,0.018104,55.24
62523,8.1194,0.018189,54.98
62524,8.1374,0.018036,55.45
62525,8.1560,0.018608,53.74
62526,8.1757,0.019713,50.73
62527,8.1952,0.019501,51.28
62528,8.2151,0.019843,50.40
62529,8.2330,0.017940,55.74
62530,8.2508,0.017834,56.07
62531,8.2676,0.016783,59.58
62532,8.2857,0.018062,55.37
62533,8.3037,0.018037,55.44
62534,8.3225,0.018762,53.30
62535,8.3402,0.017689,56.53
62536,8.3570,0.016802,59.52
62537,8.3748,0.017888,55.90
62538,8.3929,0.018072,55.33
62539,8.4109,0.018013,55.51
62540,8.4277,0.016767,59.64
62541,8.4455,0.017840,56.05
62542,8.4637,0.018085,55.30
62543,8.4817,0.018015,55.51
62544,8.4995,0.017887,55.91
62545,8.5178,0.018262,54.76
62546,8.5362,0.018421,54.29
62547,8.5540,0.017814,56.13
62548,8.5719,0.017855,56.01
62549,8.5897,0.017816,56.13
62550,8.6076,0.017845,56.04
62551,8.6267,0.019171,52.16
62552,8.6443,0.017594,56.84
62553,8.6623,0.018036,55.44
62554,8.6802,0.017835,56.07
62555,8.6985,0.018294,54.66
62556,8.7166,0.018187,54.99
62557,8.7345,0.017864,55.98
62558,8.7526,0.018087,55.29
62559,8.7704,0.017810,56.15
62560,8.7882,0.017784,56.23
62561,8.8061,0.017840,56.05
62562,8.8239,0.017921,55.80
62563,8.8424,0.018447,54.21
62564,8.8602,0.017779,56.25
62565,8.8784,0.018249,54.80
62566,8.8964,0.017938,55.75
62567,8.9145,0.018069,55.34
62568,8.9324,0.017946,55.72
62569,8.9501,0.017731,56.40
62570,8.9678,0.017647,56.67
62571,8.9859,0.018077,55.32
62572,9.0038,0.017932,55.77
62573,9.0216,0.017869,55.96
62574,9.0403,0.018589,53.80
62575,9.0583,0.018000,55.56
62576,9.0760,0.017781,56.24
62577,9.0941,0.018107,55.23
62578,9.1123,0.018113,55.21
62579,9.1301,0.017847,56.03
62580,9.1490,0.018952,52.76
62581,9.1682,0.019187,52.12
62582,9.1871,0.018860,53.02
62583,9.2066,0.019512,51.25
62584,9.2265,0.019956,50.11
62585,9.2455,0.018972,52.71
62586,9.2652,0.019697,50.77
62587,9.2843,0.019127,52.28
62588,9.3022,0.017854,56.01
62589,9.3203,0.018102,55.24
62590,9.3383,0.018019,55.50
62591,9.3560,0.017744,56.36
62592,9.3741,0.017989,55.59
62593,9.3921,0.017991,55.58
62594,9.4099,0.017859,55.99
62595,9.4279,0.017948,55.72
62596,9.4460,0.018149,55.10
62597,9.4641,0.018099,55.25
62598,9.4822,0.018086,55.29
62599,9.5011,0.018900,52.91
62600,9.5205,0.019356,51.66
62601,9.5393,0.018881,52.96
62602,9.5590,0.019658,50.87
62603,9.5781,0.019115,52.31
62604,9.5962,0.018050,55.40
62605,9.6147,0.018523,53.99
62606,9.6327,0.018040,55.43
62607,9.6510,0.018275,54.72
62608,9.6689,0.017848,56.03
62609,9.6870,0.018139,55.13
62610,9.7055,0.018487,54.09
62611,9.7234,0.017867,55.97
62612,9.7430,0.019684,50.80
62613,9.7621,0.019104,52.34
62614,9.7809,0.018819,53.14
62615,9.7990,0.018060,55.37
62616,9.8168,0.017812,56.14
62617,9.8345,0.017711,56.46
62618,9.8524,0.017879,55.93
62619,9.8705,0.018092,55.27
62620,9.8883,0.017799,56.18
62621,9.9063,0.018049,55.41
62622,9.9240,0.017700,56.50
62623,9.9419,0.017913,55.82
62624,9.9599,0.017945,55.73
62625,9.9778,0.017920,55.80
62626,9.9959,0.018113,55.21
