TotalFrame,Time,DeltaTime,FPS
69538,0.0000,0.025782,38.79
69539,0.0000,0.025782,38.79
69540,0.0200,0.020000,50.00
69541,0.0432,0.023156,43.18
69542,0.0658,0.022608,44.23
69543,0.0885,0.022711,44.03
69544,0.1122,0.023692,42.21
69545,0.1361,0.023948,41.76
69546,0.1599,0.023731,42.14
69547,0.1836,0.023702,42.19
69548,0.2067,0.023079,43.33
69549,0.2302,0.023547,42.47
69550,0.2529,0.022764,43.93
69551,0.2769,0.023969,41.72
69552,0.3021,0.025144,39.77
69553,0.3267,0.024638,40.59
69554,0.3527,0.025928,38.57
69555,0.3759,0.023251,43.01
69556,0.3986,0.022663,44.12
69557,0.4216,0.023052,43.38
69558,0.4442,0.022620,44.21
69559,0.4675,0.023284,42.95
69560,0.4903,0.022819,43.82
69561,0.5132,0.022842,43.78
69562,0.5359,0.022706,44.04
69563,0.5589,0.023046,43.39
69564,0.5824,0.023477,42.60
69565,0.6050,0.022670,44.11
69566,0.6277,0.022670,44.11
69567,0.6512,0.023461,42.62
69568,0.6744,0.023189,43.12
69569,0.6971,0.022753,43.95
69570,0.7211,0.023933,41.78
69571,0.7440,0.022926,43.62
69572,0.7670,0.022944,43.58
69573,0.7900,0.023045,43.39
69574,0.8127,0.022752,43.95
69575,0.8354,0.022644,44.16
69576,0.8587,0.023351,42.83
69577,0.8820,0.023216,43.07
69578,0.9027,0.020767,48.15
69579,0.9255,0.022843,43.78
69580,0.9482,0.022638,44.17
69581,0.9717,0.023491,42.57
69582,0.9941,0.022425,44.59
69583,1.0172,0.023052,43.38
69584,1.0419,0.024698,40.49
69585,1.0646,0.022764,43.93
69586,1.0871,0.022489,44.47
69587,1.1100,0.022899,43.67
69588,1.1329,0.022943,43.59
69589,1.1553,0.022405,44.63
69590,1.1782,0.022813,43.84
69591,1.2009,0.022728,44.00
69592,1.2237,0.022789,43.88
69593,1.2465,0.022830,43.80
69594,1.2697,0.023172,43.16
69595,1.2927,0.022991,43.49
69596,1.3154,0.022707,44.04
69597,1.3404,0.024980,40.03
69598,1.3671,0.026701,37.45
69599,1.3916,0.024539,40.75
69600,1.4148,0.023191,43.12
69601,1.4376,0.022850,43.76
69602,1.4622,0.024515,40.79
69603,1.4870,0.024858,40.23
69604,1.5101,0.023051,43.38
69605,1.5333,0.023215,43.08
69606,1.5558,0.022556,44.33
69607,1.5788,0.022960,43.55
69608,1.6021,0.023310,42.90
69609,1.6257,0.023641,42.30
69610,1.6527,0.026955,37.10
69611,1.6782,0.025437,39.31
69612,1.7045,0.026401,37.88
69613,1.7307,0.026165,38.22
69614,1.7541,0.023373,42.78
69615,1.7773,0.023272,42.97
69616,1.8000,0.022685,44.08
69617,1.8230,0.022926,43.62
69618,1.8465,0.023540,42.48
69619,1.8704,0.023926,41.80
69620,1.8954,0.024969,40.05
69621,1.9197,0.024311,41.13
69622,1.9444,0.024670,40.54
69623,1.9687,0.024282,41.18
69624,1.9929,0.024255,41.23
69625,2.0163,0.023402,42.73
69626,2.0394,0.023055,43.37
69627,2.0624,0.022981,43.51
69628,2.0853,0.022954,43.56
69629,2.1078,0.022512,44.42
69630,2.1307,0.022843,43.78
69631,2.1549,0.024224,41.28
69632,2.1776,0.022637,44.18
69633,2.2001,0.022541,44.36
69634,2.2232,0.023138,43.22
69635,2.2462,0.023012,43.46
69636,2.2687,0.022503,44.44
69637,2.2912,0.022491,44.46
69638,2.3157,0.024486,40.84
69639,2.3384,0.022740,43.97
69640,2.3613,0.022886,43.70
69641,2.3868,0.025527,39.17
69642,2.4111,0.024202,41.32
69643,2.4348,0.023785,42.04
69644,2.4572,0.022361,44.72
69645,2.4800,0.022840,43.78
69646,2.5031,0.023058,43.37
69647,2.5256,0.022472,44.50
69648,2.5490,0.023376,42.78
69649,2.5719,0.022927,43.62
69650,2.5944,0.022467,44.51
69651,2.6175,0.023158,43.18
69652,2.6407,0.023240,43.03
69653,2.6639,0.023189,43.12
69654,2.6865,0.022596,44.26
69655,2.7093,0.022738,43.98
69656,2.7319,0.022657,44.14
69657,2.7552,0.023271,42.97
69658,2.7776,0.022465,44.51
69659,2.8000,0.022324,44.79
69660,2.8229,0.022876,43.71
69661,2.8458,0.022964,43.55
69662,2.8698,0.024007,41.65
69663,2.8937,0.023831,41.96
69664,2.9164,0.022735,43.99
69665,2.9391,0.022674,44.10
69666,2.9622,0.023145,43.21
69667,2.9854,0.023140,43.21
69668,3.0078,0.022417,44.61
69669,3.0305,0.022669,44.11
69670,3.0533,0.022853,43.76
69671,3.0766,0.023287,42.94
69672,3.0993,0.022699,44.06
69673,3.1218,0.022504,44.44
69674,3.1445,0.022726,44.00
69675,3.1670,0.022484,44.48
69676,3.1897,0.022691,44.07
69677,3.2122,0.022558,44.33
69678,3.2351,0.022841,43.78
69679,3.2576,0.022504,44.44
69680,3.2800,0.022376,44.69
69681,3.3026,0.022678,44.10
69682,3.3254,0.022785,43.89
69683,3.3499,0.024462,40.88
69684,3.3725,0.022606,44.24
69685,3.3965,0.024036,41.60
69686,3.4193,0.022716,44.02
69687,3.4419,0.022651,44.15
69688,3.4648,0.022861,43.74
69689,3.4882,0.023451,42.64
69690,3.5108,0.022621,44.21
69691,3.5335,0.022677,44.10
69692,3.5566,0.023052,43.38
69693,3.5790,0.022469,44.51
69694,3.6016,0.022571,44.31
69695,3.6245,0.022851,43.76
69696,3.6469,0.022480,44.48
69697,3.6700,0.023122,43.25
69698,3.6925,0.022464,44.52
69699,3.7154,0.022908,43.65
69700,3.7382,0.022805,43.85
69701,3.7613,0.023094,43.30
69702,3.7849,0.023533,42.49
69703,3.8076,0.022688,44.08
69704,3.8300,0.022399,44.64
69705,3.8524,0.022471,44.50
69706,3.8752,0.022804,43.85
69707,3.8991,0.023882,41.87
69708,3.9221,0.022945,43.58
69709,3.9443,0.022304,44.83
69710,3.9670,0.022715,44.02
69711,3.9898,0.022721,44.01
69712,4.0124,0.022620,44.21
69713,4.0351,0.022689,44.08
69714,4.0590,0.023904,41.83
69715,4.0832,0.024222,41.28
69716,4.1065,0.023300,42.92
69717,4.1292,0.022713,44.03
69718,4.1517,0.022466,44.51
69719,4.1743,0.022585,44.28
69720,4.1979,0.023574,42.42
69721,4.2203,0.022448,44.55
69722,4.2434,0.023087,43.31
69723,4.2659,0.022546,44.35
69724,4.2885,0.022553,44.34
69725,4.3123,0.023750,42.10
69726,4.3350,0.022708,44.04
69727,4.3576,0.022655,44.14
69728,4.3804,0.022802,43.86
69729,4.4056,0.025234,39.63
69730,4.4290,0.023357,42.81
69731,4.4516,0.022613,44.22
69732,4.4741,0.022456,44.53
69733,4.4969,0.022850,43.76
69734,4.5194,0.022498,44.45
69735,4.5420,0.022565,44.32
69736,4.5647,0.022740,43.98
69737,4.5875,0.022778,43.90
69738,4.6098,0.022326,44.79
69739,4.6326,0.022807,43.85
69740,4.6552,0.022540,44.37
69741,4.6779,0.022732,43.99
69742,4.7017,0.023828,41.97
69743,4.7245,0.022741,43.97
69744,4.7478,0.023306,42.91
69745,4.7705,0.022758,43.94
69746,4.7941,0.023597,42.38
69747,4.8177,0.023574,42.42
69748,4.8408,0.023094,43.30
69749,4.8638,0.022964,43.55
69750,4.8872,0.023421,42.70
69751,4.9108,0.023672,42.24
69752,4.9349,0.024032,41.61
69753,4.9583,0.023450,42.64
69754,4.9812,0.022856,43.75
69755,5.0062,0.025022,39.96
69756,5.0287,0.022470,44.50
69757,5.0521,0.023461,42.62
69758,5.0750,0.022856,43.75
69759,5.0985,0.023532,42.50
69760,5.1215,0.022962,43.55
69761,5.1444,0.022928,43.61
69762,5.1672,0.022748,43.96
69763,5.1898,0.022628,44.19
69764,5.2123,0.022485,44.47
69765,5.2351,0.022850,43.76
69766,5.2575,0.022364,44.71
69767,5.2806,0.023093,43.30
69768,5.3041,0.023505,42.54
69769,5.3278,0.023708,42.18
69770,5.3512,0.023393,42.75
69771,5.3753,0.024106,41.48
69772,5.3990,0.023669,42.25
69773,5.4216,0.022655,44.14
69774,5.4443,0.022724,44.01
69775,5.4670,0.022650,44.15
69776,5.4897,0.022675,44.10
69777,5.5120,0.022263,44.92
69778,5.5347,0.022770,43.92
69779,5.5574,0.022717,44.02
69780,5.5801,0.022685,44.08
69781,5.6028,0.022693,44.07
69782,5.6258,0.022995,43.49
69783,5.6484,0.022645,44.16
69784,5.6716,0.023181,43.14
69785,5.6945,0.022851,43.76
69786,5.7184,0.023926,41.80
69787,5.7423,0.023941,41.77
69788,5.7668,0.024494,40.83
69789,5.7914,0.024560,40.72
69790,5.8195,0.028104,35.58
69791,5.8461,0.026660,37.51
69792,5.8711,0.024933,40.11
69793,5.8949,0.023819,41.98
69794,5.9183,0.023377,42.78
69795,5.9435,0.025225,39.64
69796,5.9661,0.022558,44.33
69797,5.9891,0.023044,43.39
69798,6.0117,0.022619,44.21
69799,6.0345,0.022740,43.98
69800,6.0575,0.023000,43.48
69801,6.0799,0.022421,44.60
69802,6.1030,0.023058,43.37
69803,6.1254,0.022477,44.49
69804,6.1480,0.022567,44.31
69805,6.1703,0.022321,44.80
69806,6.1929,0.022597,44.25
69807,6.2164,0.023449,42.65
69808,6.2407,0.024275,41.20
69809,6.2635,0.022862,43.74
69810,6.2862,0.022698,44.06
69811,6.3088,0.022642,44.17
69812,6.3313,0.022480,44.48
69813,6.3539,0.022597,44.25
69814,6.3765,0.022590,44.27
69815,6.4004,0.023872,41.89
69816,6.4227,0.022364,44.71
69817,6.4459,0.023148,43.20
69818,6.4690,0.023125,43.24
69819,6.4919,0.022922,43.63
69820,6.5158,0.023851,41.93
69821,6.5382,0.022400,44.64
69822,6.5613,0.023098,43.29
69823,6.5845,0.023231,43.05
69824,6.6074,0.022846,43.77
69825,6.6302,0.022882,43.70
69826,6.6530,0.022731,43.99
69827,6.6758,0.022851,43.76
69828,6.6984,0.022606,44.24
69829,6.7212,0.022762,43.93
69830,6.7441,0.022976,43.52
69831,6.7666,0.022410,44.62
69832,6.7894,0.022802,43.86
69833,6.8124,0.022995,43.49
69834,6.8347,0.022305,44.83
69835,6.8572,0.022537,44.37
69836,6.8799,0.022642,44.17
69837,6.9035,0.023618,42.34
69838,6.9262,0.022757,43.94
69839,6.9488,0.022530,44.38
69840,6.9716,0.022848,43.77
69841,6.9941,0.022545,44.35
69842,7.0169,0.022780,43.90
69843,7.0397,0.022778,43.90
69844,7.0640,0.024301,41.15
69845,7.0868,0.022790,43.88
69846,7.1099,0.023076,43.34
69847,7.1333,0.023422,42.70
69848,7.1559,0.022670,44.11
69849,7.1785,0.022476,44.49
69850,7.2017,0.023264,42.99
69851,7.2242,0.022520,44.40
69852,7.2487,0.024512,40.80
69853,7.2726,0.023930,41.79
69854,7.2955,0.022775,43.91
69855,7.3179,0.022483,44.48
69856,7.3407,0.022767,43.92
69857,7.3633,0.022640,44.17
69858,7.3862,0.022857,43.75
69859,7.4128,0.026643,37.53
69860,7.4360,0.023134,43.23
69861,7.4585,0.022547,44.35
69862,7.4824,0.023852,41.93
69863,7.5050,0.022649,44.15
69864,7.5276,0.022626,44.20
69865,7.5511,0.023500,42.55
69866,7.5742,0.022999,43.48
69867,7.5970,0.022830,43.80
69868,7.6198,0.022772,43.91
69869,7.6424,0.022663,44.12
69870,7.6647,0.022347,44.75
69871,7.6874,0.022669,44.11
69872,7.7100,0.022587,44.27
69873,7.7325,0.022488,44.47
69874,7.7558,0.023306,42.91
69875,7.7784,0.022572,44.30
69876,7.8019,0.023560,42.44
69877,7.8247,0.022752,43.95
69878,7.8471,0.022436,44.57
69879,7.8699,0.022762,43.93
69880,7.8925,0.022536,44.37
69881,7.9157,0.023295,42.93
69882,7.9387,0.022995,43.49
69883,7.9616,0.022875,43.72
69884,7.9842,0.022581,44.28
69885,8.0070,0.022762,43.93
69886,8.0296,0.022665,44.12
69887,8.0527,0.023120,43.25
69888,8.0762,0.023451,42.64
69889,8.0996,0.023458,42.63
69890,8.1222,0.022555,44.34
69891,8.1453,0.023088,43.31
69892,8.1675,0.022278,44.89
69893,8.1904,0.022827,43.81
69894,8.2131,0.022767,43.92
69895,8.2359,0.022775,43.91
69896,8.2584,0.022488,44.47
69897,8.2810,0.022630,44.19
69898,8.3038,0.022728,44.00
69899,8.3266,0.022813,43.83
69900,8.3494,0.022823,43.82
69901,8.3727,0.023286,42.95
69902,8.3955,0.022847,43.77
69903,8.4192,0.023680,42.23
69904,8.4420,0.022724,44.01
69905,8.4644,0.022444,44.55
69906,8.4869,0.022509,44.43
69907,8.5096,0.022783,43.89
69908,8.5323,0.022612,44.22
69909,8.5558,0.023486,42.58
69910,8.5796,0.023843,41.94
69911,8.6023,0.022661,44.13
69912,8.6248,0.022517,44.41
69913,8.6472,0.022407,44.63
69914,8.6703,0.023068,43.35
69915,8.6928,0.022545,44.36
69916,8.7153,0.022499,44.45
69917,8.7379,0.022554,44.34
69918,8.7603,0.022384,44.67
69919,8.7830,0.022794,43.87
69920,8.8058,0.022729,44.00
69921,8.8283,0.022549,44.35
69922,8.8511,0.022735,43.99
69923,8.8738,0.022792,43.88
69924,8.8960,0.022162,45.12
69925,8.9200,0.024012,41.65
69926,8.9426,0.022624,44.20
69927,8.9656,0.022963,43.55
69928,8.9883,0.022721,44.01
69929,9.0110,0.022693,44.07
69930,9.0338,0.022712,44.03
69931,9.0566,0.022829,43.80
69932,9.0793,0.022741,43.97
69933,9.1025,0.023217,43.07
69934,9.1259,0.023399,42.74
69935,9.1487,0.022748,43.96
69936,9.1718,0.023098,43.29
69937,9.1950,0.023231,43.05
69938,9.2175,0.022474,44.50
69939,9.2401,0.022673,44.11
69940,9.2631,0.022923,43.62
69941,9.2870,0.023932,41.78
69942,9.3098,0.022739,43.98
69943,9.3320,0.022261,44.92
69944,9.3549,0.022941,43.59
69945,9.3778,0.022846,43.77
69946,9.4003,0.022550,44.35
69947,9.4236,0.023302,42.91
69948,9.4468,0.023187,43.13
69949,9.4696,0.022758,43.94
69950,9.4923,0.022716,44.02
69951,9.5150,0.022721,44.01
69952,9.5377,0.022682,44.09
69953,9.5604,0.022660,44.13
69954,9.5834,0.023035,43.41
69955,9.6060,0.022624,44.20
69956,9.6288,0.022798,43.86
69957,9.6513,0.022511,44.42
69958,9.6747,0.023411,42.71
69959,9.6969,0.022170,45.11
69960,9.7202,0.023227,43.05
69961,9.7429,0.022808,43.84
69962,9.7655,0.022548,44.35
69963,9.7882,0.022706,44.04
69964,9.8111,0.022873,43.72
69965,9.8334,0.022350,44.74
69966,9.8558,0.022347,44.75
69967,9.8782,0.022420,44.60
69968,9.9009,0.022706,44.04
69969,9.9246,0.023734,42.13
69970,9.9472,0.022565,44.32
69971,9.9700,0.022856,43.75
69972,9.9937,0.023641,42.30
