TotalFrame,Time,DeltaTime,FPS
62628,0.0000,0.021473,46.57
62629,0.0000,0.021473,46.57
62630,0.0200,0.020000,50.00
62631,0.0383,0.018241,54.82
62632,0.0574,0.019121,52.30
62633,0.0756,0.018251,54.79
62634,0.0941,0.018432,54.25
62635,0.1144,0.020294,49.27
62636,0.1336,0.019283,51.86
62637,0.1519,0.018229,54.86
62638,0.1719,0.020091,49.77
62639,0.1905,0.018561,53.88
62640,0.2088,0.018295,54.66
62641,0.2271,0.018317,54.59
62642,0.2466,0.019475,51.35
62643,0.2659,0.019296,51.82
62644,0.2858,0.019929,50.18
62645,0.3040,0.018115,55.20
62646,0.3226,0.018647,53.63
62647,0.3410,0.018395,54.36
62648,0.3592,0.018192,54.97
62649,0.3771,0.017898,55.87
62650,0.3953,0.018207,54.92
62651,0.4132,0.017927,55.78
62652,0.4312,0.017956,55.69
62653,0.4492,0.018059,55.37
62654,0.4679,0.018685,53.52
62655,0.4861,0.018206,54.93
62656,0.5042,0.018117,55.20
62657,0.5222,0.017902,55.86
62658,0.5417,0.019528,51.21
62659,0.5631,0.021479,46.56
62660,0.5841,0.020948,47.74
62661,0.6047,0.020655,48.41
62662,0.6246,0.019805,50.49
62663,0.6419,0.017346,57.65
62664,0.6606,0.018695,53.49
62665,0.6786,0.018063,55.36
62666,0.6962,0.017562,56.94
62667,0.7143,0.018068,55.35
62668,0.7325,0.018202,54.94
62669,0.7505,0.018060,55.37
62670,0.7690,0.018491,54.08
62671,0.7870,0.018042,55.43
62672,0.8055,0.018419,54.29
62673,0.8238,0.018288,54.68
62674,0.8422,0.018361,54.46
62675,0.8611,0.018971,52.71
62676,0.8795,0.018404,54.34
62677,0.8975,0.017929,55.78
62678,0.9155,0.018106,55.23
62679,0.9335,0.018005,55.54
62680,0.9517,0.018075,55.32
62681,0.9698,0.018136,55.14
62682,0.9879,0.018071,55.34
62683,1.0058,0.017971,55.65
62684,1.0239,0.018040,55.43
62685,1.0418,0.017970,55.65
62686,1.0599,0.018032,55.46
62687,1.0778,0.017983,55.61
62688,1.0961,0.018324,54.57
62689,1.1148,0.018644,53.64
62690,1.1331,0.018278,54.71
62691,1.1514,0.018269,54.74
62692,1.1703,0.019024,52.57
62693,1.1898,0.019406,51.53
62694,1.2094,0.019616,50.98
62695,1.2290,0.019639,50.92
62696,1.2485,0.019469,51.36
62697,1.2682,0.019694,50.78
62698,1.2879,0.019696,50.77
62699,1.3079,0.020051,49.87
62700,1.3272,0.019240,51.98
62701,1.3465,0.019312,51.78
62702,1.3663,0.019813,50.47
62703,1.3857,0.019380,51.60
62704,1.4053,0.019675,50.83
62705,1.4240,0.018588,53.80
62706,1.4423,0.018399,54.35
62707,1.4608,0.018492,54.08
62708,1.4790,0.018169,55.04
62709,1.4973,0.018303,54.64
62710,1.5154,0.018061,55.37
62711,1.5337,0.018323,54.58
62712,1.5520,0.018283,54.70
62713,1.5700,0.018035,55.45
62714,1.5881,0.018154,55.09
62715,1.6063,0.018179,55.01
62716,1.6247,0.018358,54.47
62717,1.6428,0.018111,55.22
62718,1.6616,0.018786,53.23
62719,1.6804,0.018776,53.26
62720,1.6985,0.018151,55.09
62721,1.7167,0.018128,55.16
62722,1.7347,0.018059,55.37
62723,1.7527,0.018022,55.49
62724,1.7708,0.018058,55.38
62725,1.7891,0.018320,54.59
62726,1.8074,0.018314,54.60
62727,1.8258,0.018389,54.38
62728,1.8442,0.018417,54.30
62729,1.8617,0.017483,57.20
62730,1.8802,0.018479,54.11
62731,1.8983,0.018072,55.33
62732,1.9166,0.018281,54.70
62733,1.9346,0.018079,55.31
62734,1.9528,0.018114,55.20
62735,1.9709,0.018225,54.87
62736,1.9893,0.018363,54.46
62737,2.0076,0.018304,54.63
62738,2.0271,0.019450,51.41
62739,2.0466,0.019523,51.22
62740,2.0650,0.018367,54.44
62741,2.0829,0.017938,55.75
62742,2.1013,0.018387,54.39
62743,2.1198,0.018443,54.22
62744,2.1378,0.018077,55.32
62745,2.1558,0.017951,55.71
62746,2.1749,0.019127,52.28
62747,2.1927,0.017844,56.04
62748,2.2106,0.017880,55.93
62749,2.2277,0.017034,58.71
62750,2.2457,0.018019,55.50
62751,2.2638,0.018134,55.15
62752,2.2819,0.018129,55.16
62753,2.3022,0.020232,49.43
62754,2.3208,0.018611,53.73
62755,2.3387,0.017883,55.92
62756,2.3567,0.018056,55.38
62757,2.3747,0.017992,55.58
62758,2.3927,0.018003,55.55
62759,2.4106,0.017922,55.80
62760,2.4289,0.018233,54.85
62761,2.4473,0.018477,54.12
62762,2.4646,0.017264,57.92
62763,2.4832,0.018515,54.01
62764,2.5012,0.018095,55.26
62765,2.5192,0.018014,55.51
62766,2.5374,0.018209,54.92
62767,2.5567,0.019265,51.91
62768,2.5748,0.018031,55.46
62769,2.5916,0.016820,59.45
62770,2.6097,0.018187,54.99
62771,2.6277,0.017990,55.59
62772,2.6461,0.018318,54.59
62773,2.6639,0.017865,55.98
62774,2.6828,0.018871,52.99
62775,2.7007,0.017985,55.60
62776,2.7189,0.018105,55.23
62777,2.7372,0.018318,54.59
62778,2.7552,0.018081,55.31
62779,2.7733,0.018007,55.53
62780,2.7914,0.018112,55.21
62781,2.8087,0.017260,57.94
62782,2.8269,0.018247,54.80
62783,2.8449,0.018022,55.49
62784,2.8629,0.017957,55.69
62785,2.8809,0.017950,55.71
62786,2.8992,0.018399,54.35
62787,2.9173,0.018077,55.32
62788,2.9356,0.018319,54.59
62789,2.9536,0.017958,55.69
62790,2.9716,0.017980,55.62
62791,2.9896,0.018005,55.54
62792,3.0074,0.017809,56.15
62793,3.0244,0.017036,58.70
62794,3.0432,0.018733,53.38
62795,3.0612,0.017983,55.61
62796,3.0782,0.017119,58.42
62797,3.0962,0.017949,55.71
62798,3.1146,0.018392,54.37
62799,3.1331,0.018436,54.24
62800,3.1510,0.017995,55.57
62801,3.1693,0.018229,54.86
62802,3.1872,0.017946,55.72
62803,3.2061,0.018898,52.91
62804,3.2244,0.018290,54.68
62805,3.2426,0.018162,55.06
62806,3.2604,0.017884,55.92
62807,3.2786,0.018222,54.88
62808,3.2974,0.018753,53.33
62809,3.3156,0.018178,55.01
62810,3.3337,0.018164,55.05
62811,3.3517,0.018008,55.53
62812,3.3696,0.017894,55.88
62813,3.3876,0.017990,55.59
62814,3.4060,0.018338,54.53
62815,3.4240,0.017983,55.61
62816,3.4417,0.017751,56.34
62817,3.4598,0.018125,55.17
62818,3.4778,0.017946,55.72
62819,3.4960,0.018207,54.92
62820,3.5139,0.017881,55.93
62821,3.5322,0.018338,54.53
62822,3.5504,0.018156,55.08
62823,3.5687,0.018296,54.66
62824,3.5867,0.018019,55.50
62825,3.6049,0.018206,54.93
62826,3.6229,0.018040,55.43
62827,3.6411,0.018192,54.97
62828,3.6591,0.018018,55.50
62829,3.6772,0.018104,55.24
62830,3.6954,0.018174,55.02
62831,3.7138,0.018374,54.43
62832,3.7328,0.019077,52.42
62833,3.7510,0.018122,55.18
62834,3.7689,0.017851,56.02
62835,3.7869,0.018096,55.26
62836,3.8050,0.018048,55.41
62837,3.8232,0.018195,54.96
62838,3.8420,0.018776,53.26
62839,3.8600,0.018101,55.25
62840,3.8780,0.017947,55.72
62841,3.8961,0.018045,55.42
62842,3.9142,0.018151,55.09
62843,3.9322,0.018005,55.54
62844,3.9504,0.018249,54.80
62845,3.9686,0.018137,55.14
62846,3.9868,0.018198,54.95
62847,4.0047,0.017896,55.88
62848,4.0229,0.018232,54.85
62849,4.0412,0.018263,54.75
62850,4.0596,0.018414,54.31
62851,4.0778,0.018153,55.09
62852,4.0946,0.016869,59.28
62853,4.1134,0.018790,53.22
62854,4.1329,0.019451,51.41
62855,4.1515,0.018630,53.68
62856,4.1696,0.018093,55.27
62857,4.1876,0.018029,55.47
62858,4.2058,0.018216,54.90
62859,4.2239,0.018125,55.17
62860,4.2449,0.021011,47.59
62861,4.2643,0.019407,51.53
62862,4.2825,0.018109,55.22
62863,4.2996,0.017122,58.41
62864,4.3187,0.019081,52.41
62865,4.3386,0.019948,50.13
62866,4.3566,0.018014,55.51
62867,4.3746,0.017975,55.63
62868,4.3928,0.018225,54.87
62869,4.4109,0.018063,55.36
62870,4.4293,0.018346,54.51
62871,4.4470,0.017781,56.24
62872,4.4650,0.018015,55.51
62873,4.4830,0.017965,55.67
62874,4.5011,0.018121,55.18
62875,4.5191,0.017992,55.58
62876,4.5374,0.018321,54.58
62877,4.5552,0.017790,56.21
62878,4.5734,0.018215,54.90
62879,4.5914,0.017998,55.56
62880,4.6096,0.018119,55.19
62881,4.6277,0.018217,54.89
62882,4.6459,0.018185,54.99
62883,4.6631,0.017123,58.40
62884,4.6816,0.018497,54.06
62885,4.6996,0.018001,55.55
62886,4.7177,0.018106,55.23
62887,4.7358,0.018156,55.08
62888,4.7533,0.017443,57.33
62889,4.7701,0.016880,59.24
62890,4.7897,0.019593,51.04
62891,4.8097,0.019926,50.19
62892,4.8295,0.019751,50.63
62893,4.8491,0.019676,50.82
62894,4.8676,0.018464,54.16
62895,4.8862,0.018665,53.58
62896,4.9056,0.019395,51.56
62897,4.9256,0.019946,50.14
62898,4.9453,0.019665,50.85
62899,4.9645,0.019229,52.01
62900,4.9842,0.019705,50.75
62901,5.0027,0.018480,54.11
62902,5.0210,0.018320,54.59
62903,5.0389,0.017908,55.84
62904,5.0574,0.018472,54.14
62905,5.0753,0.017978,55.62
62906,5.0932,0.017863,55.98
62907,5.1112,0.017988,55.59
62908,5.1293,0.018074,55.33
62909,5.1476,0.018391,54.37
62910,5.1657,0.018062,55.37
62911,5.1841,0.018456,54.18
62912,5.2023,0.018078,55.32
62913,5.2203,0.018082,55.30
62914,5.2387,0.018409,54.32
62915,5.2577,0.018924,52.84
62916,5.2757,0.018059,55.38
62917,5.2940,0.018315,54.60
62918,5.3121,0.018034,55.45
62919,5.3299,0.017849,56.02
62920,5.3483,0.018403,54.34
62921,5.3663,0.017921,55.80
62922,5.3840,0.017797,56.19
62923,5.4023,0.018259,54.77
62924,5.4204,0.018100,55.25
62925,5.4385,0.018047,55.41
62926,5.4568,0.018377,54.42
62927,5.4755,0.018614,53.72
62928,5.4937,0.018246,54.81
62929,5.5115,0.017802,56.18
62930,5.5297,0.018153,55.09
62931,5.5479,0.018188,54.98
62932,5.5660,0.018133,55.15
62933,5.5841,0.018121,55.19
62934,5.6022,0.018104,55.24
62935,5.6203,0.018111,55.21
62936,5.6382,0.017943,55.73
62937,5.6561,0.017880,55.93
62938,5.6744,0.018305,54.63
62939,5.6924,0.017948,55.72
62940,5.7105,0.018124,55.18
62941,5.7287,0.018235,54.84
62942,5.7479,0.019139,52.25
62943,5.7658,0.017955,55.69
62944,5.7839,0.018076,55.32
62945,5.8022,0.018289,54.68
62946,5.8201,0.017899,55.87
62947,5.8383,0.018140,55.13
62948,5.8552,0.017008,58.80
62949,5.8734,0.018134,55.15
62950,5.8914,0.018015,55.51
62951,5.9092,0.017846,56.03
62952,5.9277,0.018492,54.08
62953,5.9460,0.018238,54.83
62954,5.9639,0.017930,55.77
62955,5.9819,0.018014,55.51
62956,6.0003,0.018405,54.33
62957,6.0184,0.018140,55.13
62958,6.0366,0.018168,55.04
62959,6.0549,0.018237,54.83
62960,6.0731,0.018258,54.77
62961,6.0913,0.018207,54.92
62962,6.1100,0.018738,53.37
62963,6.1287,0.018644,53.64
62964,6.1470,0.018354,54.48
62965,6.1657,0.018630,53.68
62966,6.1841,0.018456,54.18
62967,6.2024,0.018276,54.72
62968,6.2208,0.018390,54.38
62969,6.2393,0.018513,54.02
62970,6.2581,0.018749,53.34
62971,6.2758,0.017748,56.34
62972,6.2938,0.018019,55.50
62973,6.3122,0.018361,54.46
62974,6.3312,0.018996,52.64
62975,6.3502,0.018992,52.65
62976,6.3706,0.020414,48.99
62977,6.3912,0.020560,48.64
62978,6.4112,0.020018,49.95
62979,6.4293,0.018085,55.30
62980,6.4475,0.018273,54.73
62981,6.4655,0.017982,55.61
62982,6.4838,0.018308,54.62
62983,6.5022,0.018390,54.38
62984,6.5205,0.018296,54.66
62985,6.5386,0.018130,55.16
62986,6.5566,0.018022,55.49
62987,6.5746,0.018006,55.54
62988,6.5928,0.018164,55.05
62989,6.6107,0.017853,56.01
62990,6.6286,0.017898,55.87
62991,6.6467,0.018159,55.07
62992,6.6646,0.017802,56.17
62993,6.6825,0.017937,55.75
62994,6.7006,0.018128,55.16
62995,6.7188,0.018168,55.04
62996,6.7375,0.018732,53.38
62997,6.7559,0.018441,54.23
62998,6.7740,0.018008,55.53
62999,6.7920,0.018022,55.49
63000,6.8108,0.018787,53.23
63001,6.8286,0.017849,56.03
63002,6.8466,0.017992,55.58
63003,6.8651,0.018492,54.08
63004,6.8832,0.018061,55.37
63005,6.9010,0.017819,56.12
63006,6.9190,0.018042,55.43
63007,6.9371,0.018126,55.17
63008,6.9552,0.018074,55.33
63009,6.9735,0.018226,54.87
63010,6.9915,0.018033,55.45
63011,7.0082,0.016755,59.68
63012,7.0264,0.018177,55.01
63013,7.0438,0.017409,57.44
63014,7.0616,0.017820,56.12
63015,7.0795,0.017852,56.02
63016,7.0979,0.018427,54.27
63017,7.1158,0.017895,55.88
63018,7.1339,0.018017,55.50
63019,7.1519,0.017994,55.57
63020,7.1700,0.018178,55.01
63021,7.1893,0.019277,51.88
63022,7.2088,0.019544,51.17
63023,7.2283,0.019466,51.37
63024,7.2483,0.019983,50.04
63025,7.2687,0.020472,48.85
63026,7.2887,0.019978,50.06
63027,7.3069,0.018156,55.08
63028,7.3250,0.018061,55.37
63029,7.3427,0.017773,56.27
63030,7.3608,0.018119,55.19
63031,7.3787,0.017843,56.04
63032,7.3965,0.017872,55.95
63033,7.4144,0.017861,55.99
63034,7.4323,0.017894,55.88
63035,7.4501,0.017855,56.01
63036,7.4680,0.017788,56.22
63037,7.4866,0.018697,53.48
63038,7.5048,0.018207,54.93
63039,7.5227,0.017850,56.02
63040,7.5406,0.017973,55.64
63041,7.5599,0.019222,52.02
63042,7.5797,0.019790,50.53
63043,7.5979,0.018191,54.97
63044,7.6163,0.018415,54.30
63045,7.6343,0.017970,55.65
63046,7.6528,0.018538,53.94
63047,7.6711,0.018366,54.45
63048,7.6894,0.018228,54.86
63049,7.7079,0.018581,53.82
63050,7.7263,0.018289,54.68
63051,7.7447,0.018430,54.26
63052,7.7629,0.018272,54.73
63053,7.7819,0.018896,52.92
63054,7.8003,0.018439,54.23
63055,7.8184,0.018114,55.21
63056,7.8364,0.017922,55.80
63057,7.8544,0.018014,55.51
63058,7.8728,0.018434,54.25
63059,7.8912,0.018385,54.39
63060,7.9092,0.018043,55.42
63061,7.9276,0.018386,54.39
63062,7.9457,0.018159,55.07
63063,7.9636,0.017852,56.02
63064,7.9816,0.017974,55.64
63065,7.9982,0.016673,59.98
63066,8.0168,0.018532,53.96
63067,8.0349,0.018087,55.29
63068,8.0530,0.018103,55.24
63069,8.0709,0.017923,55.79
63070,8.0890,0.018119,55.19
63071,8.1071,0.018074,55.33
63072,8.1251,0.017977,55.63
63073,8.1429,0.017866,55.97
63074,8.1610,0.018025,55.48
63075,8.1796,0.018626,53.69
63076,8.1979,0.018275,54.72
63077,8.2158,0.017975,55.63
63078,8.2341,0.018209,54.92
63079,8.2519,0.017860,55.99
63080,8.2701,0.018166,55.05
63081,8.2888,0.018702,53.47
63082,8.3076,0.018792,53.21
63083,8.3255,0.017945,55.73
63084,8.3434,0.017944,55.73
63085,8.3627,0.019268,51.90
63086,8.3825,0.019764,50.60
63087,8.4018,0.019307,51.79
63088,8.4213,0.019500,51.28
63089,8.4411,0.019800,50.50
63090,8.4608,0.019673,50.83
63091,8.4791,0.018318,54.59
63092,8.4971,0.017956,55.69
63093,8.5154,0.018331,54.55
63094,8.5334,0.018032,55.46
63095,8.5516,0.018187,54.99
63096,8.5696,0.018057,55.38
63097,8.5878,0.018123,55.18
63098,8.6057,0.017861,55.99
63099,8.6237,0.018066,55.35
63100,8.6416,0.017918,55.81
63101,8.6594,0.017784,56.23
63102,8.6774,0.018053,55.39
63103,8.6953,0.017835,56.07
63104,8.7133,0.017970,55.65
63105,8.7321,0.018770,53.28
63106,8.7502,0.018195,54.96
63107,8.7681,0.017882,55.92
63108,8.7863,0.018203,54.93
63109,8.8053,0.019002,52.63
63110,8.8231,0.017823,56.11
63111,8.8412,0.018094,55.27
63112,8.8594,0.018195,54.96
63113,8.8776,0.018161,55.06
63114,8.8959,0.018261,54.76
63115,8.9138,0.018001,55.55
63116,8.9316,0.017812,56.14
63117,8.9498,0.018151,55.09
63118,8.9677,0.017852,56.02
63119,8.9860,0.018338,54.53
63120,9.0042,0.018154,55.08
63121,9.0226,0.018414,54.31
63122,9.0416,0.019087,52.39
63123,9.0596,0.017895,55.88
63124,9.0777,0.018133,55.15
63125,9.0957,0.018036,55.44
63126,9.1124,0.016722,59.80
63127,9.1306,0.018187,54.98
63128,9.1486,0.018021,55.49
63129,9.1669,0.018242,54.82
63130,9.1849,0.018028,55.47
63131,9.2032,0.018327,54.56
63132,9.2220,0.018833,53.10
63133,9.2404,0.018256,54.78
63134,9.2585,0.018140,55.13
63135,9.2765,0.018024,55.48
63136,9.2945,0.017996,55.57
63137,9.3135,0.019009,52.61
63138,9.3317,0.018226,54.87
63139,9.3497,0.018021,55.49
63140,9.3679,0.018183,55.00
63141,9.3862,0.018218,54.89
63142,9.4041,0.017957,55.69
63143,9.4223,0.018181,55.00
63144,9.4407,0.018387,54.39
63145,9.4589,0.018199,54.95
63146,9.4769,0.018055,55.39
63147,9.4951,0.018111,55.22
63148,9.5131,0.018085,55.30
63149,9.5317,0.018569,53.85
63150,9.5499,0.018250,54.80
63151,9.5678,0.017885,55.91
63152,9.5857,0.017876,55.94
63153,9.6037,0.018008,55.53
63154,9.6215,0.017778,56.25
63155,9.6387,0.017202,58.13
63156,9.6564,0.017747,56.35
63157,9.6746,0.018189,54.98
63158,9.6928,0.018179,55.01
63159,9.7108,0.017922,55.80
63160,9.7286,0.017886,55.91
63161,9.7466,0.017968,55.65
63162,9.7648,0.018222,54.88
63163,9.7827,0.017878,55.93
63164,9.8012,0.018557,53.89
63165,9.8201,0.018870,53.00
63166,9.8381,0.017968,55.65
63167,9.8565,0.018415,54.30
63168,9.8746,0.018114,55.21
63169,9.8917,0.017096,58.49
63170,9.9097,0.018012,55.52
63171,9.9279,0.018122,55.18
63172,9.9459,0.018062,55.36
63173,9.9628,0.016919,59.10
63174,9.9810,0.018145,55.11
63175,9.9988,0.017838,56.06
