TotalFrame,Time,DeltaTime,FPS
9056,0.0000,0.037796,26.46
9057,0.0000,0.037796,26.46
9058,0.0200,0.020000,50.00
9059,0.0584,0.038428,26.02
9060,0.0969,0.038448,26.01
9061,0.1358,0.038891,25.71
9062,0.1757,0.039910,25.06
9063,0.2154,0.039708,25.18
9064,0.2527,0.037331,26.79
9065,0.2924,0.039659,25.22
9066,0.3303,0.037908,26.38
9067,0.3687,0.038407,26.04
9068,0.4076,0.038900,25.71
9069,0.4463,0.038699,25.84
9070,0.4852,0.038951,25.67
9071,0.5237,0.038448,26.01
9072,0.5624,0.038679,25.85
9073,0.6011,0.038724,25.82
9074,0.6393,0.038228,26.16
9075,0.6784,0.039101,25.57
9076,0.7176,0.039213,25.50
9077,0.7570,0.039406,25.38
9078,0.7953,0.038300,26.11
9079,0.8339,0.038576,25.92
9080,0.8723,0.038346,26.08
9081,0.9108,0.038527,25.96
9082,0.9488,0.037986,26.33
9083,0.9875,0.038706,25.84
9084,1.0261,0.038578,25.92
9085,1.0651,0.039071,25.59
9086,1.1040,0.038866,25.73
9087,1.1437,0.039691,25.19
9088,1.1832,0.039473,25.33
9089,1.2213,0.038157,26.21
9090,1.2595,0.038218,26.17
9091,1.2980,0.038412,26.03
9092,1.3364,0.038459,26.00
9093,1.3746,0.038153,26.21
9094,1.4130,0.038425,26.02
9095,1.4510,0.038043,26.29
9096,1.4897,0.038698,25.84
9097,1.5280,0.038309,26.10
9098,1.5664,0.038385,26.05
9099,1.6052,0.038775,25.79
9100,1.6435,0.038339,26.08
9101,1.6829,0.039397,25.38
9102,1.7219,0.038937,25.68
9103,1.7602,0.038360,26.07
9104,1.7985,0.038292,26.12
9105,1.8368,0.038246,26.15
9106,1.8751,0.038321,26.10
9107,1.9136,0.038492,25.98
9108,1.9518,0.038242,26.15
9109,1.9906,0.038732,25.82
9110,2.0282,0.037600,26.60
9111,2.0673,0.039176,25.53
9112,2.1063,0.038951,25.67
9113,2.1451,0.038770,25.79
9114,2.1835,0.038399,26.04
9115,2.2218,0.038391,26.05
9116,2.2605,0.038637,25.88
9117,2.2989,0.038423,26.03
9118,2.3376,0.038683,25.85
9119,2.3759,0.038358,26.07
9120,2.4146,0.038699,25.84
9121,2.4527,0.038044,26.29
9122,2.4918,0.039068,25.60
9123,2.5302,0.038467,26.00
9124,2.5716,0.041420,24.14
9125,2.6140,0.042327,23.63
9126,2.6543,0.040320,24.80
9127,2.6942,0.039953,25.03
9128,2.7334,0.039145,25.55
9129,2.7716,0.038245,26.15
9130,2.8096,0.037987,26.32
9131,2.8478,0.038138,26.22
9132,2.8862,0.038408,26.04
9133,2.9255,0.039371,25.40
9134,2.9669,0.041327,24.20
9135,3.0053,0.038400,26.04
9136,3.0437,0.038415,26.03
9137,3.0821,0.038386,26.05
9138,3.1204,0.038336,26.09
9139,3.1590,0.038634,25.88
9140,3.1974,0.038409,26.04
9141,3.2362,0.038793,25.78
9142,3.2747,0.038460,26.00
9143,3.3130,0.038303,26.11
9144,3.3510,0.038009,26.31
9145,3.3902,0.039154,25.54
9146,3.4284,0.038250,26.14
9147,3.4669,0.038453,26.01
9148,3.5059,0.039026,25.62
9149,3.5444,0.038472,25.99
9150,3.5824,0.037998,26.32
9151,3.6212,0.038888,25.71
9152,3.6600,0.038785,25.78
9153,3.6988,0.038728,25.82
9154,3.7379,0.039136,25.55
9155,3.7765,0.038620,25.89
9156,3.8147,0.038139,26.22
9157,3.8534,0.038763,25.80
9158,3.8915,0.038098,26.25
9159,3.9304,0.038860,25.73
9160,3.9692,0.038833,25.75
9161,4.0078,0.038624,25.89
9162,4.0463,0.038453,26.01
9163,4.0848,0.038493,25.98
9164,4.1234,0.038606,25.90
9165,4.1625,0.039072,25.59
9166,4.2007,0.038220,26.16
9167,4.2393,0.038611,25.90
9168,4.2777,0.038392,26.05
9169,4.3164,0.038730,25.82
9170,4.3547,0.038274,26.13
9171,4.3932,0.038523,25.96
9172,4.4320,0.038772,25.79
9173,4.4704,0.038418,26.03
9174,4.5091,0.038699,25.84
9175,4.5479,0.038800,25.77
9176,4.5866,0.038667,25.86
9177,4.6250,0.038427,26.02
9178,4.6644,0.039393,25.39
9179,4.7028,0.038382,26.05
9180,4.7418,0.038990,25.65
9181,4.7799,0.038162,26.20
9182,4.8180,0.038074,26.26
9183,4.8560,0.037963,26.34
9184,4.8955,0.039564,25.28
9185,4.9342,0.038658,25.87
9186,4.9726,0.038434,26.02
9187,5.0111,0.038479,25.99
9188,5.0493,0.038181,26.19
9189,5.0880,0.038781,25.79
9190,5.1265,0.038429,26.02
9191,5.1656,0.039171,25.53
9192,5.2040,0.038347,26.08
9193,5.2426,0.038619,25.89
9194,5.2803,0.037694,26.53
9195,5.3199,0.039611,25.25
9196,5.3593,0.039429,25.36
9197,5.3988,0.039442,25.35
9198,5.4373,0.038527,25.96
9199,5.4757,0.038392,26.05
9200,5.5145,0.038832,25.75
9201,5.5528,0.038305,26.11
9202,5.5910,0.038156,26.21
9203,5.6297,0.038664,25.86
9204,5.6694,0.039743,25.16
9205,5.7081,0.038701,25.84
9206,5.7468,0.038679,25.85
9207,5.7853,0.038498,25.98
9208,5.8234,0.038159,26.21
9209,5.8618,0.038305,26.11
9210,5.9001,0.038390,26.05
9211,5.9387,0.038592,25.91
9212,5.9768,0.038067,26.27
9213,6.0155,0.038714,25.83
9214,6.0535,0.037991,26.32
9215,6.0924,0.038911,25.70
9216,6.1312,0.038775,25.79
9217,6.1718,0.040582,24.64
9218,6.2100,0.038237,26.15
9219,6.2484,0.038440,26.01
9220,6.2866,0.038185,26.19
9221,6.3252,0.038515,25.96
9222,6.3637,0.038509,25.97
9223,6.4022,0.038563,25.93
9224,6.4406,0.038421,26.03
9225,6.4790,0.038368,26.06
9226,6.5174,0.038350,26.08
9227,6.5557,0.038368,26.06
9228,6.5942,0.038506,25.97
9229,6.6332,0.038961,25.67
9230,6.6721,0.038919,25.69
9231,6.7109,0.038764,25.80
9232,6.7496,0.038682,25.85
9233,6.7880,0.038454,26.01
9234,6.8261,0.038028,26.30
9235,6.8647,0.038651,25.87
9236,6.9031,0.038434,26.02
9237,6.9420,0.038826,25.76
9238,6.9803,0.038395,26.05
9239,7.0188,0.038492,25.98
9240,7.0573,0.038478,25.99
9241,7.0959,0.038541,25.95
9242,7.1344,0.038499,25.97
9243,7.1735,0.039133,25.55
9244,7.2116,0.038150,26.21
9245,7.2500,0.038370,26.06
9246,7.2880,0.037967,26.34
9247,7.3264,0.038391,26.05
9248,7.3648,0.038473,25.99
9249,7.4033,0.038491,25.98
9250,7.4414,0.038022,26.30
9251,7.4809,0.039521,25.30
9252,7.5188,0.037968,26.34
9253,7.5592,0.040315,24.80
9254,7.5972,0.038078,26.26
9255,7.6361,0.038899,25.71
9256,7.6750,0.038814,25.76
9257,7.7138,0.038823,25.76
9258,7.7518,0.038073,26.27
9259,7.7908,0.038924,25.69
9260,7.8291,0.038306,26.11
9261,7.8675,0.038436,26.02
9262,7.9057,0.038237,26.15
9263,7.9448,0.039051,25.61
9264,7.9836,0.038794,25.78
9265,8.0216,0.038047,26.28
9266,8.0603,0.038711,25.83
9267,8.0973,0.036965,27.05
9268,8.1376,0.040287,24.82
9269,8.1766,0.038987,25.65
9270,8.2147,0.038146,26.21
9271,8.2533,0.038524,25.96
9272,8.2912,0.037902,26.38
9273,8.3298,0.038687,25.85
9274,8.3680,0.038179,26.19
9275,8.4065,0.038434,26.02
9276,8.4450,0.038531,25.95
9277,8.4837,0.038693,25.84
9278,8.5217,0.038052,26.28
9279,8.5603,0.038522,25.96
9280,8.5991,0.038800,25.77
9281,8.6376,0.038521,25.96
9282,8.6766,0.039012,25.63
9283,8.7148,0.038186,26.19
9284,8.7538,0.039013,25.63
9285,8.7918,0.038036,26.29
9286,8.8312,0.039378,25.40
9287,8.8695,0.038254,26.14
9288,8.9074,0.037959,26.34
9289,8.9458,0.038415,26.03
9290,8.9840,0.038195,26.18
9291,9.0226,0.038611,25.90
9292,9.0609,0.038278,26.12
9293,9.0989,0.037990,26.32
9294,9.1377,0.038827,25.76
9295,9.1768,0.039041,25.61
9296,9.2151,0.038302,26.11
9297,9.2540,0.038898,25.71
9298,9.2922,0.038236,26.15
9299,9.3309,0.038656,25.87
9300,9.3688,0.037967,26.34
9301,9.4087,0.039890,25.07
9302,9.4472,0.038474,25.99
9303,9.4858,0.038559,25.93
9304,9.5242,0.038421,26.03
9305,9.5628,0.038623,25.89
9306,9.6012,0.038346,26.08
9307,9.6394,0.038227,26.16
9308,9.6783,0.038975,25.66
9309,9.7187,0.040357,24.78
9310,9.7581,0.039387,25.39
9311,9.7965,0.038417,26.03
9312,9.8349,0.038365,26.07
9313,9.8736,0.038678,25.85
9314,9.9117,0.038093,26.25
9315,9.9497,0.038071,26.27
9316,9.9879,0.038158,26.21
