TotalFrame,Time,DeltaTime,FPS
11244,0.0000,0.056454,17.71
11245,0.0000,0.056454,17.71
11246,0.0200,0.020000,50.00
11247,0.0770,0.057005,17.54
11248,0.1339,0.056863,17.59
11249,0.1918,0.057890,17.27
11250,0.2480,0.056261,17.77
11251,0.3065,0.058534,17.08
11252,0.3634,0.056803,17.60
11253,0.4198,0.056438,17.72
11254,0.4763,0.056528,17.69
11255,0.5329,0.056596,17.67
11256,0.5896,0.056655,17.65
11257,0.6530,0.063377,15.78
11258,0.7165,0.063516,15.74
11259,0.7746,0.058103,17.21
11260,0.8311,0.056579,17.67
11261,0.8877,0.056576,17.68
11262,0.9440,0.056298,17.76
11263,1.0007,0.056672,17.65
11264,1.0572,0.056461,17.71
11265,1.1141,0.056937,17.56
11266,1.1713,0.057251,17.47
11267,1.2280,0.056626,17.66
11268,1.2849,0.056944,17.56
11269,1.3420,0.057125,17.51
11270,1.3982,0.056160,17.81
11271,1.4545,0.056308,17.76
11272,1.5113,0.056834,17.60
11273,1.5683,0.056941,17.56
11274,1.6249,0.056607,17.67
11275,1.6830,0.058126,17.20
11276,1.7398,0.056827,17.60
11277,1.7966,0.056750,17.62
11278,1.8537,0.057155,17.50
11279,1.9110,0.057227,17.47
11280,1.9675,0.056511,17.70
11281,2.0241,0.056662,17.65
11282,2.0796,0.055471,18.03
11283,2.1375,0.057902,17.27
11284,2.1950,0.057457,17.40
11285,2.2518,0.056874,17.58
11286,2.3086,0.056752,17.62
11287,2.3654,0.056835,17.59
11288,2.4215,0.056102,17.82
11289,2.4781,0.056621,17.66
11290,2.5350,0.056845,17.59
11291,2.5916,0.056570,17.68
11292,2.6488,0.057263,17.46
11293,2.7065,0.057630,17.35
11294,2.7627,0.056187,17.80
11295,2.8201,0.057421,17.42
11296,2.8770,0.056893,17.58
11297,2.9344,0.057466,17.40
11298,2.9905,0.056070,17.84
11299,3.0468,0.056346,17.75
11300,3.1037,0.056819,17.60
11301,3.1613,0.057602,17.36
11302,3.2176,0.056343,17.75
11303,3.2740,0.056381,17.74
11304,3.3305,0.056470,17.71
11305,3.3877,0.057224,17.48
11306,3.4436,0.055914,17.88
11307,3.5002,0.056599,17.67
11308,3.5579,0.057684,17.34
11309,3.6145,0.056663,17.65
11310,3.6729,0.058373,17.13
11311,3.7296,0.056650,17.65
11312,3.7863,0.056691,17.64
11313,3.8429,0.056592,17.67
11314,3.8994,0.056596,17.67
11315,3.9559,0.056491,17.70
11316,4.0121,0.056156,17.81
11317,4.0688,0.056719,17.63
11318,4.1260,0.057182,17.49
11319,4.1837,0.057692,17.33
11320,4.2397,0.056060,17.84
11321,4.2966,0.056848,17.59
11322,4.3538,0.057180,17.49
11323,4.4108,0.056973,17.55
11324,4.4670,0.056252,17.78
11325,4.5232,0.056243,17.78
11326,4.5799,0.056624,17.66
11327,4.6364,0.056519,17.69
11328,4.6957,0.059323,16.86
11329,4.7519,0.056223,17.79
11330,4.8084,0.056448,17.72
11331,4.8650,0.056620,17.66
11332,4.9217,0.056673,17.64
11333,4.9781,0.056419,17.72
11334,5.0344,0.056359,17.74
11335,5.0909,0.056462,17.71
11336,5.1486,0.057743,17.32
11337,5.2056,0.057006,17.54
11338,5.2618,0.056132,17.82
11339,5.3185,0.056667,17.65
11340,5.3752,0.056756,17.62
11341,5.4320,0.056748,17.62
11342,5.4884,0.056407,17.73
11343,5.5448,0.056479,17.71
11344,5.6017,0.056884,17.58
11345,5.6588,0.057092,17.52
11346,5.7151,0.056284,17.77
11347,5.7719,0.056755,17.62
11348,5.8281,0.056278,17.77
11349,5.8845,0.056357,17.74
11350,5.9413,0.056773,17.61
11351,5.9979,0.056615,17.66
11352,6.0544,0.056503,17.70
11353,6.1108,0.056429,17.72
11354,6.1670,0.056231,17.78
11355,6.2255,0.058442,17.11
11356,6.2818,0.056275,17.77
11357,6.3389,0.057197,17.48
11358,6.3959,0.056918,17.57
11359,6.4525,0.056623,17.66
11360,6.5089,0.056429,17.72
11361,6.5654,0.056517,17.69
11362,6.6221,0.056656,17.65
11363,6.6795,0.057370,17.43
11364,6.7360,0.056518,17.69
11365,6.7925,0.056512,17.70
11366,6.8493,0.056742,17.62
11367,6.9057,0.056501,17.70
11368,6.9621,0.056314,17.76
11369,7.0187,0.056618,17.66
11370,7.0749,0.056221,17.79
11371,7.1314,0.056489,17.70
11372,7.1892,0.057784,17.31
11373,7.2453,0.056082,17.83
11374,7.3018,0.056558,17.68
11375,7.3584,0.056584,17.67
11376,7.4151,0.056711,17.63
11377,7.4721,0.056958,17.56
11378,7.5286,0.056513,17.69
11379,7.5852,0.056574,17.68
11380,7.6421,0.056932,17.56
11381,7.6999,0.057851,17.29
11382,7.7563,0.056381,17.74
11383,7.8131,0.056746,17.62
11384,7.8702,0.057132,17.50
11385,7.9269,0.056687,17.64
11386,7.9856,0.058684,17.04
11387,8.0426,0.057033,17.53
11388,8.0990,0.056418,17.72
11389,8.1557,0.056689,17.64
11390,8.2130,0.057274,17.46
11391,8.2694,0.056372,17.74
11392,8.3258,0.056423,17.72
11393,8.3828,0.057057,17.53
11394,8.4399,0.057050,17.53
11395,8.4972,0.057332,17.44
11396,8.5534,0.056150,17.81
11397,8.6104,0.057016,17.54
11398,8.6680,0.057599,17.36
11399,8.7251,0.057091,17.52
11400,8.7815,0.056487,17.70
11401,8.8382,0.056642,17.65
11402,8.8947,0.056466,17.71
11403,8.9514,0.056722,17.63
11404,9.0081,0.056691,17.64
11405,9.0643,0.056210,17.79
11406,9.1206,0.056262,17.77
11407,9.1781,0.057565,17.37
11408,9.2357,0.057582,17.37
11409,9.2924,0.056665,17.65
11410,9.3486,0.056237,17.78
11411,9.4052,0.056643,17.65
11412,9.4621,0.056840,17.59
11413,9.5191,0.056985,17.55
11414,9.5752,0.056167,17.80
11415,9.6317,0.056461,17.71
11416,9.6891,0.057454,17.41
11417,9.7450,0.055865,17.90
11418,9.8045,0.059505,16.81
11419,9.8611,0.056591,17.67
11420,9.9173,0.056186,17.80
11421,9.9742,0.056948,17.56
