TotalFrame,Time,DeltaTime,FPS
10470,0.0000,0.047351,21.12
10471,0.0000,0.047351,21.12
10472,0.0200,0.020000,50.00
10473,0.0688,0.048769,20.50
10474,0.1187,0.049920,20.03
10475,0.1686,0.049939,20.02
10476,0.2184,0.049792,20.08
10477,0.2690,0.050621,19.75
10478,0.3187,0.049622,20.15
10479,0.3677,0.049008,20.40
10480,0.4179,0.050203,19.92
10481,0.4682,0.050345,19.86
10482,0.5175,0.049259,20.30
10483,0.5671,0.049590,20.17
10484,0.6177,0.050637,19.75
10485,0.6674,0.049701,20.12
10486,0.7184,0.050954,19.63
10487,0.7678,0.049400,20.24
10488,0.8170,0.049186,20.33
10489,0.8697,0.052748,18.96
10490,0.9190,0.049333,20.27
10491,0.9685,0.049504,20.20
10492,1.0175,0.049018,20.40
10493,1.0669,0.049343,20.27
10494,1.1175,0.050600,19.76
10495,1.1668,0.049316,20.28
10496,1.2164,0.049600,20.16
10497,1.2660,0.049602,20.16
10498,1.3151,0.049081,20.37
10499,1.3643,0.049210,20.32
10500,1.4192,0.054858,18.23
10501,1.4750,0.055800,17.92
10502,1.5261,0.051118,19.56
10503,1.5759,0.049794,20.08
10504,1.6261,0.050277,19.89
10505,1.6758,0.049668,20.13
10506,1.7251,0.049247,20.31
10507,1.7743,0.049256,20.30
10508,1.8240,0.049676,20.13
10509,1.8736,0.049579,20.17
10510,1.9230,0.049426,20.23
10511,1.9725,0.049476,20.21
10512,2.0217,0.049203,20.32
10513,2.0711,0.049460,20.22
10514,2.1207,0.049540,20.19
10515,2.1691,0.048433,20.65
10516,2.2203,0.051148,19.55
10517,2.2698,0.049531,20.19
10518,2.3194,0.049566,20.18
10519,2.3684,0.049028,20.40
10520,2.4173,0.048930,20.44
10521,2.4664,0.049087,20.37
10522,2.5166,0.050163,19.93
10523,2.5654,0.048874,20.46
10524,2.6148,0.049381,20.25
10525,2.6646,0.049808,20.08
10526,2.7142,0.049566,20.17
10527,2.7636,0.049393,20.25
10528,2.8127,0.049138,20.35
10529,2.8629,0.050177,19.93
10530,2.9127,0.049793,20.08
10531,2.9618,0.049124,20.36
10532,3.0128,0.050950,19.63
10533,3.0615,0.048749,20.51
10534,3.1125,0.050974,19.62
10535,3.1613,0.048819,20.48
10536,3.2104,0.049082,20.37
10537,3.2598,0.049438,20.23
10538,3.3089,0.049094,20.37
10539,3.3582,0.049300,20.28
10540,3.4072,0.048938,20.43
10541,3.4562,0.049051,20.39
10542,3.5055,0.049328,20.27
10543,3.5549,0.049329,20.27
10544,3.6044,0.049573,20.17
10545,3.6538,0.049338,20.27
10546,3.7030,0.049250,20.30
10547,3.7518,0.048774,20.50
10548,3.7990,0.047157,21.21
10549,3.8519,0.052921,18.90
10550,3.9009,0.048997,20.41
10551,3.9501,0.049257,20.30
10552,3.9987,0.048554,20.60
10553,4.0482,0.049537,20.19
10554,4.0977,0.049484,20.21
10555,4.1470,0.049270,20.30
10556,4.1973,0.050347,19.86
10557,4.2473,0.049953,20.02
10558,4.2971,0.049823,20.07
10559,4.3461,0.049025,20.40
10560,4.3965,0.050338,19.87
10561,4.4454,0.048916,20.44
10562,4.4947,0.049350,20.26
10563,4.5440,0.049273,20.30
10564,4.5942,0.050214,19.91
10565,4.6436,0.049341,20.27
10566,4.6925,0.048936,20.43
10567,4.7420,0.049532,20.19
10568,4.7919,0.049900,20.04
10569,4.8416,0.049661,20.14
10570,4.8915,0.049884,20.05
10571,4.9406,0.049129,20.35
10572,4.9896,0.049037,20.39
10573,5.0386,0.048972,20.42
10574,5.0883,0.049708,20.12
10575,5.1372,0.048881,20.46
10576,5.1873,0.050111,19.96
10577,5.2363,0.048965,20.42
10578,5.2862,0.049919,20.03
10579,5.3355,0.049330,20.27
10580,5.3850,0.049435,20.23
10581,5.4339,0.048897,20.45
10582,5.4832,0.049333,20.27
10583,5.5321,0.048903,20.45
10584,5.5815,0.049370,20.26
10585,5.6313,0.049828,20.07
10586,5.6803,0.048989,20.41
10587,5.7292,0.048933,20.44
10588,5.7782,0.049023,20.40
10589,5.8272,0.048966,20.42
10590,5.8769,0.049715,20.11
10591,5.9261,0.049218,20.32
10592,5.9751,0.049001,20.41
10593,6.0244,0.049245,20.31
10594,6.0733,0.048918,20.44
10595,6.1236,0.050301,19.88
10596,6.1728,0.049239,20.31
10597,6.2224,0.049577,20.17
10598,6.2710,0.048619,20.57
10599,6.3206,0.049580,20.17
10600,6.3695,0.048865,20.46
10601,6.4192,0.049749,20.10
10602,6.4682,0.048985,20.41
10603,6.5172,0.048952,20.43
10604,6.5669,0.049759,20.10
10605,6.6168,0.049892,20.04
10606,6.6662,0.049418,20.24
10607,6.7159,0.049713,20.12
10608,6.7650,0.049100,20.37
10609,6.8144,0.049347,20.26
10610,6.8635,0.049079,20.38
10611,6.9131,0.049587,20.17
10612,6.9622,0.049116,20.36
10613,7.0132,0.051030,19.60
10614,7.0631,0.049939,20.02
10615,7.1127,0.049519,20.19
10616,7.1618,0.049161,20.34
10617,7.2110,0.049213,20.32
10618,7.2604,0.049370,20.26
10619,7.3100,0.049610,20.16
10620,7.3591,0.049098,20.37
10621,7.4084,0.049340,20.27
10622,7.4557,0.047267,21.16
10623,7.5080,0.052267,19.13
10624,7.5573,0.049258,20.30
10625,7.6077,0.050473,19.81
10626,7.6572,0.049505,20.20
10627,7.7065,0.049286,20.29
10628,7.7558,0.049251,20.30
10629,7.8049,0.049166,20.34
10630,7.8543,0.049417,20.24
10631,7.9034,0.049097,20.37
10632,7.9525,0.049105,20.36
10633,8.0019,0.049317,20.28
10634,8.0508,0.048902,20.45
10635,8.1006,0.049796,20.08
10636,8.1497,0.049177,20.33
10637,8.1986,0.048882,20.46
10638,8.2478,0.049224,20.32
10639,8.2972,0.049348,20.26
10640,8.3463,0.049117,20.36
10641,8.3959,0.049583,20.17
10642,8.4452,0.049341,20.27
10643,8.4948,0.049610,20.16
10644,8.5438,0.048993,20.41
10645,8.5935,0.049675,20.13
10646,8.6425,0.048969,20.42
10647,8.6920,0.049480,20.21
10648,8.7412,0.049251,20.30
10649,8.7905,0.049317,20.28
10650,8.8399,0.049356,20.26
10651,8.8891,0.049190,20.33
10652,8.9384,0.049283,20.29
10653,8.9877,0.049373,20.25
10654,9.0366,0.048883,20.46
10655,9.0867,0.050110,19.96
10656,9.1358,0.049072,20.38
10657,9.1875,0.051682,19.35
10658,9.2376,0.050152,19.94
10659,9.2880,0.050398,19.84
10660,9.3380,0.049982,20.01
10661,9.3870,0.048986,20.41
10662,9.4360,0.049046,20.39
10663,9.4853,0.049255,20.30
10664,9.5346,0.049317,20.28
10665,9.5839,0.049330,20.27
10666,9.6338,0.049851,20.06
10667,9.6829,0.049151,20.35
10668,9.7323,0.049346,20.27
10669,9.7816,0.049319,20.28
10670,9.8307,0.049118,20.36
10671,9.8798,0.049051,20.39
10672,9.9299,0.050115,19.95
10673,9.9790,0.049094,20.37
