TotalFrame,Time,DeltaTime,FPS
240014,0.0000,0.018559,53.88
240015,0.0000,0.018559,53.88
240016,0.0200,0.020000,50.00
240017,0.0320,0.012003,83.31
240018,0.0442,0.012218,81.85
240019,0.0562,0.011923,83.87
240020,0.0680,0.011894,84.08
240021,0.0848,0.016866,59.29
240022,0.1040,0.019128,52.28
240023,0.1228,0.018764,53.29
240024,0.1414,0.018655,53.60
240025,0.1603,0.018846,53.06
240026,0.1791,0.018843,53.07
240027,0.1978,0.018631,53.67
240028,0.2173,0.019574,51.09
240029,0.2355,0.018128,55.16
240030,0.2543,0.018798,53.20
240031,0.2729,0.018670,53.56
240032,0.2916,0.018735,53.38
240033,0.3104,0.018832,53.10
240034,0.3293,0.018834,53.10
240035,0.3481,0.018850,53.05
240036,0.3669,0.018755,53.32
240037,0.3855,0.018631,53.68
240038,0.4041,0.018530,53.97
240039,0.4230,0.018892,52.93
240040,0.4420,0.019011,52.60
240041,0.4611,0.019073,52.43
240042,0.4796,0.018548,53.91
240043,0.4979,0.018291,54.67
240044,0.5167,0.018897,52.92
240045,0.5358,0.018958,52.75
240046,0.5546,0.018784,53.24
240047,0.5731,0.018652,53.61
240048,0.5924,0.019205,52.07
240049,0.6111,0.018709,53.45
240050,0.6299,0.018779,53.25
240051,0.6486,0.018659,53.59
240052,0.6672,0.018731,53.39
240053,0.6860,0.018825,53.12
240054,0.7050,0.018854,53.04
240055,0.7236,0.018660,53.59
240056,0.7428,0.019239,51.98
240057,0.7612,0.018353,54.49
240058,0.7806,0.019493,51.30
240059,0.7996,0.018872,52.99
240060,0.8182,0.018715,53.43
240061,0.8369,0.018690,53.50
240062,0.8555,0.018507,54.03
240063,0.8745,0.019039,52.52
240064,0.8934,0.018871,52.99
240065,0.9126,0.019268,51.90
240066,0.9308,0.018125,55.17
240067,0.9493,0.018615,53.72
240068,0.9681,0.018812,53.16
240069,0.9872,0.018938,52.80
240070,1.0062,0.019054,52.48
240071,1.0244,0.018264,54.75
240072,1.0433,0.018930,52.83
240073,1.0623,0.018813,53.16
240074,1.0815,0.019301,51.81
240075,1.0995,0.018040,55.43
240076,1.1187,0.019092,52.38
240077,1.1373,0.018704,53.47
240078,1.1563,0.018927,52.83
240079,1.1749,0.018639,53.65
240080,1.1937,0.018792,53.22
240081,1.2124,0.018770,53.28
240082,1.2311,0.018645,53.63
240083,1.2498,0.018699,53.48
240084,1.2688,0.019012,52.60
240085,1.2871,0.018301,54.64
240086,1.3062,0.019035,52.54
240087,1.3250,0.018762,53.30
240088,1.3439,0.018916,52.87
240089,1.3627,0.018815,53.15
240090,1.3813,0.018686,53.52
240091,1.4005,0.019205,52.07
240092,1.4196,0.018971,52.71
240093,1.4382,0.018743,53.35
240094,1.4569,0.018633,53.67
240095,1.4755,0.018602,53.76
240096,1.4946,0.019123,52.29
240097,1.5129,0.018363,54.46
240098,1.5317,0.018766,53.29
240099,1.5505,0.018838,53.09
240100,1.5692,0.018689,53.51
240101,1.5881,0.018828,53.11
240102,1.6068,0.018684,53.52
240103,1.6261,0.019295,51.83
240104,1.6443,0.018265,54.75
240105,1.6631,0.018741,53.36
240106,1.6824,0.019314,51.78
240107,1.7007,0.018265,54.75
240108,1.7200,0.019357,51.66
240109,1.7382,0.018158,55.07
240110,1.7567,0.018494,54.07
240111,1.7755,0.018841,53.08
240112,1.7947,0.019122,52.29
240113,1.8134,0.018681,53.53
240114,1.8325,0.019212,52.05
240115,1.8508,0.018329,54.56
240116,1.8696,0.018745,53.35
240117,1.8884,0.018821,53.13
240118,1.9072,0.018776,53.26
240119,1.9263,0.019120,52.30
240120,1.9446,0.018244,54.81
240121,1.9635,0.018985,52.67
240122,1.9827,0.019101,52.35
240123,2.0012,0.018569,53.85
240124,2.0199,0.018728,53.40
240125,2.0386,0.018623,53.70
240126,2.0575,0.018898,52.92
240127,2.0763,0.018799,53.19
240128,2.0952,0.018962,52.74
240129,2.1140,0.018843,53.07
240130,2.1328,0.018791,53.22
240131,2.1517,0.018824,53.12
240132,2.1705,0.018889,52.94
240133,2.1892,0.018698,53.48
240134,2.2078,0.018507,54.03
240135,2.2269,0.019197,52.09
240136,2.2463,0.019400,51.55
240137,2.2648,0.018381,54.40
240138,2.2834,0.018757,53.31
240139,2.3021,0.018659,53.59
240140,2.3214,0.019185,52.12
240141,2.3397,0.018351,54.49
240142,2.3589,0.019197,52.09
240143,2.3773,0.018436,54.24
240144,2.3964,0.019022,52.57
240145,2.4147,0.018348,54.50
240146,2.4336,0.018877,52.97
240147,2.4526,0.019027,52.56
240148,2.4711,0.018480,54.11
240149,2.4899,0.018837,53.09
240150,2.5087,0.018739,53.36
240151,2.5275,0.018766,53.29
240152,2.5463,0.018837,53.09
240153,2.5648,0.018497,54.06
240154,2.5840,0.019169,52.17
240155,2.6027,0.018721,53.42
240156,2.6212,0.018603,53.76
240157,2.6400,0.018718,53.42
240158,2.6589,0.018922,52.85
240159,2.6776,0.018656,53.60
240160,2.6960,0.018541,53.94
240161,2.7150,0.018919,52.86
240162,2.7338,0.018758,53.31
240163,2.7527,0.018890,52.94
240164,2.7712,0.018635,53.66
240165,2.7900,0.018733,53.38
240166,2.8088,0.018803,53.18
240167,2.8276,0.018862,53.02
240168,2.8468,0.019105,52.34
240169,2.8651,0.018373,54.43
240170,2.8845,0.019354,51.67
240171,2.9030,0.018437,54.24
240172,2.9218,0.018754,53.32
240173,2.9406,0.018780,53.25
240174,2.9594,0.018848,53.06
240175,2.9779,0.018539,53.94
240176,2.9968,0.019000,52.63
240177,3.0156,0.018766,53.29
240178,3.0348,0.019083,52.40
240179,3.0537,0.018937,52.81
240180,3.0724,0.018708,53.45
240181,3.0911,0.018676,53.54
240182,3.1099,0.018819,53.14
240183,3.1288,0.018921,52.85
240184,3.1476,0.018822,53.13
240185,3.1664,0.018814,53.15
240186,3.1854,0.019043,52.51
240187,3.2040,0.018461,54.17
240188,3.2225,0.018664,53.58
240189,3.2415,0.018849,53.05
240190,3.2603,0.018853,53.04
240191,3.2792,0.018910,52.88
240192,3.2981,0.018941,52.80
240193,3.3167,0.018527,53.98
240194,3.3362,0.019500,51.28
240195,3.3545,0.018272,54.73
240196,3.3732,0.018701,53.47
240197,3.3918,0.018708,53.45
240198,3.4105,0.018674,53.55
240199,3.4293,0.018845,53.06
240200,3.4481,0.018775,53.26
240201,3.4677,0.019541,51.18
240202,3.4860,0.018292,54.67
240203,3.5045,0.018495,54.07
240204,3.5231,0.018607,53.74
240205,3.5421,0.019078,52.42
240206,3.5605,0.018426,54.27
240207,3.5795,0.018866,53.00
240208,3.5986,0.019196,52.09
240209,3.6172,0.018570,53.85
240210,3.6362,0.018991,52.66
240211,3.6547,0.018512,54.02
240212,3.6735,0.018710,53.45
240213,3.6923,0.018881,52.96
240214,3.7115,0.019259,51.92
240215,3.7300,0.018354,54.48
240216,3.7490,0.019043,52.51
240217,3.7676,0.018646,53.63
240218,3.7861,0.018498,54.06
240219,3.8052,0.019064,52.46
240220,3.8239,0.018634,53.66
240221,3.8429,0.019068,52.45
240222,3.8616,0.018708,53.45
240223,3.8810,0.019380,51.60
240224,3.8990,0.018103,55.24
240225,3.9178,0.018815,53.15
240226,3.9368,0.018830,53.11
240227,3.9557,0.018975,52.70
240228,3.9744,0.018685,53.52
240229,3.9930,0.018610,53.74
240230,4.0120,0.018971,52.71
240231,4.0305,0.018551,53.90
240232,4.0494,0.018905,52.90
240233,4.0681,0.018685,53.52
240234,4.0869,0.018822,53.13
240235,4.1055,0.018605,53.75
240236,4.1243,0.018786,53.23
240237,4.1436,0.019200,52.08
240238,4.1624,0.018822,53.13
240239,4.1812,0.018823,53.13
240240,4.1998,0.018642,53.64
240241,4.2184,0.018555,53.89
240242,4.2375,0.019242,51.97
240243,4.2559,0.018282,54.70
240244,4.2749,0.018982,52.68
240245,4.2936,0.018773,53.27
240246,4.3120,0.018360,54.47
240247,4.3314,0.019430,51.47
240248,4.3505,0.019092,52.38
240249,4.3693,0.018735,53.38
240250,4.3879,0.018634,53.66
240251,4.4073,0.019519,51.23
240252,4.4257,0.018287,54.68
240253,4.4440,0.018310,54.61
240254,4.4626,0.018692,53.50
240255,4.4816,0.018850,53.05
240256,4.5006,0.019086,52.39
240257,4.5192,0.018501,54.05
240258,4.5381,0.018977,52.70
240259,4.5566,0.018507,54.03
240260,4.5752,0.018534,53.95
240261,4.5942,0.019074,52.43
240262,4.6132,0.018880,52.96
240263,4.6320,0.018905,52.90
240264,4.6506,0.018579,53.82
240265,4.6698,0.019229,52.01
240266,4.6882,0.018436,54.24
240267,4.7069,0.018658,53.60
240268,4.7257,0.018863,53.01
240269,4.7446,0.018883,52.96
240270,4.7634,0.018757,53.31
240271,4.7821,0.018739,53.36
240272,4.8011,0.019012,52.60
240273,4.8197,0.018543,53.93
240274,4.8385,0.018857,53.03
240275,4.8572,0.018674,53.55
240276,4.8761,0.018920,52.85
240277,4.8949,0.018709,53.45
240278,4.9136,0.018701,53.47
240279,4.9324,0.018814,53.15
240280,4.9512,0.018810,53.16
240281,4.9707,0.019480,51.33
240282,4.9890,0.018312,54.61
240283,5.0077,0.018704,53.46
240284,5.0266,0.018924,52.84
240285,5.0454,0.018787,53.23
240286,5.0641,0.018692,53.50
240287,5.0828,0.018723,53.41
240288,5.1021,0.019210,52.06
240289,5.1204,0.018283,54.70
240290,5.1393,0.019014,52.59
240291,5.1583,0.018956,52.75
240292,5.1770,0.018740,53.36
240293,5.1958,0.018845,53.06
240294,5.2145,0.018665,53.58
240295,5.2333,0.018729,53.39
240296,5.2524,0.019165,52.18
240297,5.2709,0.018506,54.04
240298,5.2902,0.019287,51.85
240299,5.3090,0.018719,53.42
240300,5.3276,0.018750,53.33
240301,5.3464,0.018727,53.40
240302,5.3652,0.018879,52.97
240303,5.3840,0.018801,53.19
240304,5.4032,0.019101,52.35
240305,5.4218,0.018604,53.75
240306,5.4408,0.019055,52.48
240307,5.4590,0.018127,55.17
240308,5.4778,0.018779,53.25
240309,5.4969,0.019141,52.24
240310,5.5159,0.018967,52.72
240311,5.5347,0.018796,53.20
240312,5.5531,0.018494,54.07
240313,5.5718,0.018597,53.77
240314,5.5905,0.018677,53.54
240315,5.6094,0.019001,52.63
240316,5.6283,0.018820,53.13
240317,5.6470,0.018760,53.30
240318,5.6658,0.018761,53.30
240319,5.6847,0.018871,52.99
240320,5.7034,0.018736,53.37
240321,5.7220,0.018631,53.67
240322,5.7413,0.019325,51.75
240323,5.7596,0.018329,54.56
240324,5.7784,0.018827,53.12
240325,5.7975,0.019013,52.60
240326,5.8160,0.018546,53.92
240327,5.8348,0.018806,53.18
240328,5.8539,0.019089,52.39
240329,5.8726,0.018686,53.52
240330,5.8915,0.018884,52.96
240331,5.9100,0.018484,54.10
240332,5.9287,0.018771,53.27
240333,5.9476,0.018870,52.99
240334,5.9666,0.018941,52.79
240335,5.9854,0.018775,53.26
240336,6.0045,0.019182,52.13
240337,6.0228,0.018259,54.77
240338,6.0417,0.018981,52.68
240339,6.0604,0.018628,53.68
240340,6.0792,0.018835,53.09
240341,6.0981,0.018881,52.96
240342,6.1167,0.018605,53.75
240343,6.1356,0.018848,53.06
240344,6.1547,0.019124,52.29
240345,6.1735,0.018779,53.25
240346,6.1919,0.018387,54.39
240347,6.2108,0.019004,52.62
240348,6.2297,0.018839,53.08
240349,6.2487,0.018953,52.76
240350,6.2672,0.018617,53.71
240351,6.2864,0.019122,52.30
240352,6.3058,0.019369,51.63
240353,6.3246,0.018810,53.16
240354,6.3431,0.018595,53.78
240355,6.3616,0.018435,54.25
240356,6.3804,0.018804,53.18
240357,6.3993,0.018837,53.09
240358,6.4181,0.018849,53.05
240359,6.4368,0.018734,53.38
240360,6.4559,0.019147,52.23
240361,6.4744,0.018398,54.36
240362,6.4930,0.018652,53.61
240363,6.5118,0.018767,53.28
240364,6.5311,0.019302,51.81
240365,6.5497,0.018639,53.65
240366,6.5682,0.018564,53.87
240367,6.5873,0.019007,52.61
240368,6.6062,0.018861,53.02
240369,6.6246,0.018509,54.03
240370,6.6434,0.018823,53.13
240371,6.6622,0.018737,53.37
240372,6.6809,0.018684,53.52
240373,6.6997,0.018837,53.09
240374,6.7184,0.018621,53.70
240375,6.7373,0.018931,52.82
240376,6.7563,0.019043,52.51
240377,6.7748,0.018439,54.23
240378,6.7936,0.018815,53.15
240379,6.8120,0.018389,54.38
240380,6.8308,0.018834,53.09
240381,6.8500,0.019191,52.11
240382,6.8685,0.018493,54.08
240383,6.8873,0.018877,52.97
240384,6.9063,0.018864,53.01
240385,6.9249,0.018660,53.59
240386,6.9437,0.018808,53.17
240387,6.9624,0.018692,53.50
240388,6.9814,0.019066,52.45
240389,6.9999,0.018428,54.27
240390,7.0188,0.018949,52.77
240391,7.0377,0.018907,52.89
240392,7.0564,0.018615,53.72
240393,7.0752,0.018820,53.13
240394,7.0944,0.019187,52.12
240395,7.1132,0.018837,53.09
240396,7.1317,0.018534,53.95
240397,7.1505,0.018807,53.17
240398,7.1697,0.019064,52.46
240399,7.1884,0.018777,53.26
240400,7.2072,0.018728,53.40
240401,7.2260,0.018865,53.01
240402,7.2448,0.018735,53.38
240403,7.2634,0.018722,53.41
240404,7.2823,0.018855,53.04
240405,7.3010,0.018771,53.28
240406,7.3198,0.018763,53.30
240407,7.3386,0.018753,53.32
240408,7.3575,0.018914,52.87
240409,7.3761,0.018638,53.65
240410,7.3949,0.018778,53.26
240411,7.4137,0.018770,53.28
240412,7.4324,0.018703,53.47
240413,7.4518,0.019341,51.70
240414,7.4701,0.018334,54.54
240415,7.4886,0.018636,53.66
240416,7.5074,0.018717,53.43
240417,7.5262,0.018772,53.27
240418,7.5455,0.019329,51.74
240419,7.5641,0.018531,53.96
240420,7.5828,0.018662,53.59
240421,7.6013,0.018573,53.84
240422,7.6201,0.018831,53.10
240423,7.6386,0.018486,54.10
240424,7.6576,0.019005,52.62
240425,7.6764,0.018784,53.24
240426,7.6954,0.019085,52.40
240427,7.7137,0.018312,54.61
240428,7.7325,0.018777,53.26
240429,7.7510,0.018435,54.24
240430,7.7701,0.019171,52.16
240431,7.7888,0.018653,53.61
240432,7.8076,0.018772,53.27
240433,7.8264,0.018800,53.19
240434,7.8453,0.018904,52.90
240435,7.8641,0.018807,53.17
240436,7.8829,0.018771,53.27
240437,7.9019,0.018973,52.71
240438,7.9207,0.018757,53.31
240439,7.9396,0.018923,52.85
240440,7.9585,0.018917,52.86
240441,7.9771,0.018642,53.64
240442,7.9960,0.018911,52.88
240443,8.0146,0.018698,53.48
240444,8.0344,0.019666,50.85
240445,8.0524,0.017962,55.67
240446,8.0710,0.018725,53.40
240447,8.0897,0.018639,53.65
240448,8.1086,0.018998,52.64
240449,8.1273,0.018635,53.66
240450,8.1461,0.018776,53.26
240451,8.1643,0.018269,54.74
240452,8.1838,0.019439,51.44
240453,8.2028,0.018897,52.92
240454,8.2212,0.018547,53.92
240455,8.2401,0.018918,52.86
240456,8.2593,0.019134,52.26
240457,8.2777,0.018455,54.19
240458,8.2965,0.018751,53.33
240459,8.3152,0.018724,53.41
240460,8.3341,0.018830,53.11
240461,8.3528,0.018715,53.43
240462,8.3716,0.018755,53.32
240463,8.3903,0.018738,53.37
240464,8.4091,0.018814,53.15
240465,8.4279,0.018719,53.42
240466,8.4464,0.018595,53.78
240467,8.4655,0.019047,52.50
240468,8.4844,0.018900,52.91
240469,8.5029,0.018576,53.83
240470,8.5217,0.018804,53.18
240471,8.5405,0.018781,53.25
240472,8.5593,0.018858,53.03
240473,8.5786,0.019234,51.99
240474,8.5969,0.018340,54.53
240475,8.6156,0.018659,53.59
240476,8.6345,0.018890,52.94
240477,8.6532,0.018744,53.35
240478,8.6721,0.018944,52.79
240479,8.6910,0.018898,52.92
240480,8.7100,0.018881,52.96
240481,8.7286,0.018682,53.53
240482,8.7479,0.019297,51.82
240483,8.7662,0.018294,54.66
240484,8.7850,0.018790,53.22
240485,8.8037,0.018729,53.39
240486,8.8223,0.018520,54.00
240487,8.8413,0.019041,52.52
240488,8.8600,0.018688,53.51
240489,8.8787,0.018699,53.48
240490,8.8976,0.018871,52.99
240491,8.9163,0.018731,53.39
240492,8.9351,0.018752,53.33
240493,8.9537,0.018743,53.35
240494,8.9727,0.018830,53.11
240495,8.9913,0.018724,53.41
240496,9.0101,0.018795,53.21
240497,9.0287,0.018531,53.96
240498,9.0481,0.019416,51.50
240499,9.0664,0.018310,54.62
240500,9.0851,0.018737,53.37
240501,9.1040,0.018910,52.88
240502,9.1229,0.018892,52.93
240503,9.1416,0.018637,53.66
240504,9.1603,0.018725,53.40
240505,9.1788,0.018536,53.95
240506,9.1975,0.018655,53.61
240507,9.2167,0.019170,52.17
240508,9.2355,0.018819,53.14
240509,9.2543,0.018795,53.21
240510,9.2731,0.018748,53.34
240511,9.2915,0.018509,54.03
240512,9.3108,0.019302,51.81
240513,9.3292,0.018402,54.34
240514,9.3480,0.018742,53.36
240515,9.3668,0.018883,52.96
240516,9.3856,0.018728,53.40
240517,9.4043,0.018656,53.60
240518,9.4232,0.018922,52.85
240519,9.4418,0.018621,53.70
240520,9.4606,0.018801,53.19
240521,9.4794,0.018730,53.39
240522,9.4982,0.018890,52.94
240523,9.5167,0.018559,53.88
240524,9.5358,0.019029,52.55
240525,9.5544,0.018696,53.49
240526,9.5730,0.018508,54.03
240527,9.5931,0.020101,49.75
240528,9.6104,0.017289,57.84
240529,9.6293,0.018891,52.93
240530,9.6482,0.018908,52.89
240531,9.6669,0.018730,53.39
240532,9.6858,0.018870,53.00
240533,9.7045,0.018720,53.42
240534,9.7236,0.019189,52.11
240535,9.7418,0.018175,55.02
240536,9.7615,0.019571,51.10
240537,9.7795,0.018062,55.37
240538,9.7983,0.018868,53.00
240539,9.8171,0.018724,53.41
240540,9.8358,0.018778,53.25
240541,9.8546,0.018777,53.26
240542,9.8737,0.018987,52.67
240543,9.8922,0.018565,53.87
240544,9.9111,0.018978,52.69
240545,9.9301,0.018893,52.93
240546,9.9493,0.019289,51.84
240547,9.9674,0.018010,55.53
240548,9.9862,0.018873,52.98
