TotalFrame,Time,DeltaTime,FPS
89361,0.0000,0.050092,19.96
89362,0.0000,0.050092,19.96
89363,0.0200,0.020000,50.00
89364,0.0679,0.047895,20.88
89365,0.1171,0.049119,20.36
89366,0.1639,0.046950,21.30
89367,0.2117,0.047680,20.97
89368,0.2585,0.046915,21.31
89369,0.3060,0.047408,21.09
89370,0.3534,0.047378,21.11
89371,0.4033,0.049969,20.01
89372,0.4493,0.045983,21.75
89373,0.4985,0.049168,20.34
89374,0.5457,0.047156,21.21
89375,0.5940,0.048335,20.69
89376,0.6418,0.047879,20.89
89377,0.6895,0.047628,21.00
89378,0.7366,0.047086,21.24
89379,0.7855,0.048910,20.45
89380,0.8328,0.047237,21.17
89381,0.8805,0.047770,20.93
89382,0.9281,0.047562,21.03
89383,0.9750,0.046926,21.31
89384,1.0220,0.047007,21.27
89385,1.0692,0.047274,21.15
89386,1.1196,0.050366,19.85
89387,1.1667,0.047172,21.20
89388,1.2150,0.048105,20.79
89389,1.2626,0.047665,20.98
89390,1.3101,0.047445,21.08
89391,1.3591,0.049105,20.36
89392,1.4144,0.055345,18.07
89393,1.4672,0.052704,18.97
89394,1.5195,0.052321,19.11
89395,1.5668,0.047325,21.13
89396,1.6144,0.047506,21.05
89397,1.6621,0.047807,20.92
89398,1.7109,0.048810,20.49
89399,1.7584,0.047508,21.05
89400,1.8070,0.048571,20.59
89401,1.8542,0.047193,21.19
89402,1.9016,0.047392,21.10
89403,1.9492,0.047649,20.99
89404,1.9967,0.047415,21.09
89405,2.0448,0.048128,20.78
89406,2.0923,0.047476,21.06
89407,2.1400,0.047709,20.96
89408,2.1874,0.047406,21.09
89409,2.2352,0.047900,20.88
89410,2.2830,0.047710,20.96
89411,2.3301,0.047090,21.24
89412,2.3804,0.050271,19.89
89413,2.4285,0.048054,20.81
89414,2.4774,0.049004,20.41
89415,2.5275,0.050057,19.98
89416,2.5774,0.049904,20.04
89417,2.6261,0.048694,20.54
89418,2.6707,0.044637,22.40
89419,2.7189,0.048220,20.74
89420,2.7670,0.047989,20.84
89421,2.8138,0.046907,21.32
89422,2.8618,0.047989,20.84
89423,2.9092,0.047319,21.13
89424,2.9583,0.049171,20.34
89425,3.0060,0.047678,20.97
89426,3.0535,0.047506,21.05
89427,3.1008,0.047305,21.14
89428,3.1482,0.047431,21.08
89429,3.1968,0.048506,20.62
89430,3.2443,0.047568,21.02
89431,3.2917,0.047497,21.05
89432,3.3398,0.048086,20.80
89433,3.3879,0.048105,20.79
89434,3.4371,0.049158,20.34
89435,3.4845,0.047367,21.11
89436,3.5320,0.047476,21.06
89437,3.5807,0.048685,20.54
89438,3.6279,0.047233,21.17
89439,3.6768,0.048856,20.47
89440,3.7244,0.047604,21.01
89441,3.7732,0.048875,20.46
89442,3.8214,0.048231,20.73
89443,3.8704,0.048888,20.46
89444,3.9189,0.048576,20.59
89445,3.9690,0.050101,19.96
89446,4.0162,0.047238,21.17
89447,4.0638,0.047568,21.02
89448,4.1113,0.047501,21.05
89449,4.1589,0.047589,21.01
89450,4.2072,0.048196,20.75
89451,4.2546,0.047503,21.05
89452,4.3027,0.048070,20.80
89453,4.3534,0.050654,19.74
89454,4.4015,0.048145,20.77
89455,4.4497,0.048173,20.76
89456,4.4974,0.047766,20.94
89457,4.5464,0.048963,20.42
89458,4.5936,0.047197,21.19
89459,4.6409,0.047216,21.18
89460,4.6881,0.047294,21.14
89461,4.7327,0.044522,22.46
89462,4.7847,0.051986,19.24
89463,4.8318,0.047118,21.22
89464,4.8788,0.047076,21.24
89465,4.9264,0.047589,21.01
89466,4.9731,0.046796,21.37
89467,5.0204,0.047162,21.20
89468,5.0673,0.046857,21.34
89469,5.1156,0.048388,20.67
89470,5.1660,0.050438,19.83
89471,5.2135,0.047471,21.07
89472,5.2622,0.048711,20.53
89473,5.3099,0.047772,20.93
89474,5.3586,0.048638,20.56
89475,5.4075,0.048815,20.49
89476,5.4562,0.048790,20.50
89477,5.5046,0.048363,20.68
89478,5.5521,0.047567,21.02
89479,5.6000,0.047801,20.92
89480,5.6478,0.047850,20.90
89481,5.6949,0.047176,21.20
89482,5.7422,0.047158,21.21
89483,5.7897,0.047522,21.04
89484,5.8363,0.046672,21.43
89485,5.8835,0.047251,21.16
89486,5.9314,0.047841,20.90
89487,5.9785,0.047042,21.26
89488,6.0254,0.046969,21.29
89489,6.0726,0.047155,21.21
89490,6.1199,0.047289,21.15
89491,6.1669,0.046987,21.28
89492,6.2159,0.049047,20.39
89493,6.2629,0.047018,21.27
89494,6.3112,0.048230,20.73
89495,6.3583,0.047130,21.22
89496,6.4055,0.047186,21.19
89497,6.4535,0.048042,20.82
89498,6.5022,0.048670,20.55
89499,6.5509,0.048730,20.52
89500,6.5994,0.048402,20.66
89501,6.6475,0.048104,20.79
89502,6.6954,0.047970,20.85
89503,6.7426,0.047101,21.23
89504,6.7899,0.047471,21.07
89505,6.8378,0.047766,20.94
89506,6.8850,0.047236,21.17
89507,6.9325,0.047492,21.06
89508,6.9799,0.047446,21.08
89509,7.0273,0.047421,21.09
89510,7.0751,0.047732,20.95
89511,7.1232,0.048130,20.78
89512,7.1703,0.047118,21.22
89513,7.2188,0.048479,20.63
89514,7.2686,0.049763,20.10
89515,7.3174,0.048817,20.48
89516,7.3669,0.049563,20.18
89517,7.4159,0.048943,20.43
89518,7.4639,0.048002,20.83
89519,7.5110,0.047144,21.21
89520,7.5584,0.047293,21.14
89521,7.6053,0.047083,21.24
89522,7.6526,0.047210,21.18
89523,7.7002,0.047630,21.00
89524,7.7480,0.047829,20.91
89525,7.7955,0.047473,21.06
89526,7.8439,0.048363,20.68
89527,7.8953,0.051370,19.47
89528,7.9465,0.051259,19.51
89529,7.9951,0.048602,20.58
89530,8.0454,0.050234,19.91
89531,8.0952,0.049814,20.07
89532,8.1448,0.049568,20.17
89533,8.1913,0.046474,21.52
89534,8.2383,0.046997,21.28
89535,8.2878,0.049644,20.14
89536,8.3351,0.047213,21.18
89537,8.3826,0.047516,21.05
89538,8.4305,0.047947,20.86
89539,8.4790,0.048473,20.63
89540,8.5267,0.047686,20.97
89541,8.5762,0.049446,20.22
89542,8.6237,0.047476,21.06
89543,8.6718,0.048109,20.79
89544,8.7213,0.049610,20.16
89545,8.7715,0.050151,19.94
89546,8.8192,0.047727,20.95
89547,8.8669,0.047716,20.96
89548,8.9143,0.047338,21.12
89549,8.9635,0.049262,20.30
89550,9.0106,0.047137,21.21
89551,9.0582,0.047532,21.04
89552,9.1053,0.047183,21.19
89553,9.1545,0.049212,20.32
89554,9.2031,0.048518,20.61
89555,9.2467,0.043558,22.96
89556,9.2939,0.047319,21.13
89557,9.3417,0.047669,20.98
89558,9.3893,0.047623,21.00
89559,9.4403,0.050988,19.61
89560,9.4877,0.047401,21.10
89561,9.5350,0.047369,21.11
89562,9.5819,0.046864,21.34
89563,9.6305,0.048625,20.57
89564,9.6791,0.048521,20.61
89565,9.7296,0.050601,19.76
89566,9.7777,0.048067,20.80
89567,9.8287,0.051025,19.60
89568,9.8770,0.048159,20.76
89569,9.9248,0.047866,20.89
89570,9.9739,0.049138,20.35
