TotalFrame,Time,DeltaTime,FPS
94572,0.0000,0.060154,16.62
94573,0.0000,0.060154,16.62
94574,0.0200,0.020000,50.00
94575,0.0773,0.057250,17.47
94576,0.1328,0.055614,17.98
94577,0.1868,0.053962,18.53
94578,0.2458,0.059062,16.93
94579,0.3027,0.056843,17.59
94580,0.3596,0.056907,17.57
94581,0.4169,0.057297,17.45
94582,0.4742,0.057347,17.44
94583,0.5314,0.057138,17.50
94584,0.5894,0.057918,17.27
94585,0.6461,0.056781,17.61
94586,0.7054,0.059369,16.84
94587,0.7637,0.058266,17.16
94588,0.8237,0.059968,16.68
94589,0.8811,0.057373,17.43
94590,0.9381,0.057062,17.52
94591,0.9976,0.059438,16.82
94592,1.0548,0.057241,17.47
94593,1.1123,0.057535,17.38
94594,1.1676,0.055261,18.10
94595,1.2256,0.057945,17.26
94596,1.2847,0.059143,16.91
94597,1.3425,0.057851,17.29
94598,1.4012,0.058678,17.04
94599,1.4589,0.057660,17.34
94600,1.5157,0.056880,17.58
94601,1.5732,0.057477,17.40
94602,1.6284,0.055158,18.13
94603,1.6884,0.059961,16.68
94604,1.7478,0.059471,16.82
94605,1.8069,0.059062,16.93
94606,1.8661,0.059166,16.90
94607,1.9232,0.057121,17.51
94608,1.9818,0.058686,17.04
94609,2.0383,0.056481,17.71
94610,2.0959,0.057630,17.35
94611,2.1545,0.058623,17.06
94612,2.2096,0.055043,18.17
94613,2.2665,0.056893,17.58
94614,2.3261,0.059497,16.81
94615,2.3835,0.057491,17.39
94616,2.4409,0.057372,17.43
94617,2.4994,0.058483,17.10
94618,2.5579,0.058479,17.10
94619,2.6143,0.056374,17.74
94620,2.6713,0.057103,17.51
94621,2.7288,0.057444,17.41
94622,2.7852,0.056361,17.74
94623,2.8455,0.060339,16.57
94624,2.9038,0.058379,17.13
94625,2.9646,0.060716,16.47
94626,3.0261,0.061627,16.23
94627,3.0873,0.061089,16.37
94628,3.1512,0.063925,15.64
94629,3.2102,0.058963,16.96
94630,3.2739,0.063724,15.69
94631,3.3364,0.062504,16.00
94632,3.3973,0.060989,16.40
94633,3.4609,0.063563,15.73
94634,3.5221,0.061198,16.34
94635,3.5850,0.062852,15.91
94636,3.6447,0.059723,16.74
94637,3.7048,0.060078,16.65
94638,3.7676,0.062813,15.92
94639,3.8274,0.059805,16.72
94640,3.8910,0.063528,15.74
94641,3.9550,0.063995,15.63
94642,4.0145,0.059551,16.79
94643,4.0759,0.061498,16.26
94644,4.1366,0.060616,16.50
94645,4.1949,0.058348,17.14
94646,4.2554,0.060385,16.56
94647,4.3171,0.061836,16.17
94648,4.3789,0.061767,16.19
94649,4.4379,0.058978,16.96
94650,4.4982,0.060266,16.59
94651,4.5579,0.059628,16.77
94652,4.6178,0.059987,16.67
94653,4.6782,0.060482,16.53
94654,4.7369,0.058718,17.03
94655,4.7933,0.056310,17.76
94656,4.8501,0.056810,17.60
94657,4.9083,0.058276,17.16
94658,4.9651,0.056737,17.63
94659,5.0226,0.057471,17.40
94660,5.0806,0.057922,17.26
94661,5.1400,0.059451,16.82
94662,5.1969,0.056925,17.57
94663,5.2560,0.059138,16.91
94664,5.3143,0.058357,17.14
94665,5.3743,0.059832,16.71
94666,5.4330,0.058767,17.02
94667,5.4900,0.056983,17.55
94668,5.5500,0.060037,16.66
94669,5.6069,0.056897,17.58
94670,5.6652,0.058317,17.15
94671,5.7261,0.060829,16.44
94672,5.7915,0.065506,15.27
94673,5.8508,0.059235,16.88
94674,5.9091,0.058228,17.17
94675,5.9655,0.056406,17.73
94676,6.0222,0.056783,17.61
94677,6.0804,0.058252,17.17
94678,6.1404,0.059956,16.68
94679,6.1967,0.056202,17.79
94680,6.2544,0.057804,17.30
94681,6.3112,0.056729,17.63
94682,6.3695,0.058313,17.15
94683,6.4280,0.058544,17.08
94684,6.4849,0.056874,17.58
94685,6.5421,0.057293,17.45
94686,6.6014,0.059323,16.86
94687,6.6548,0.053308,18.76
94688,6.7136,0.058785,17.01
94689,6.7711,0.057488,17.39
94690,6.8286,0.057561,17.37
94691,6.8882,0.059587,16.78
94692,6.9470,0.058847,16.99
94693,7.0057,0.058640,17.05
94694,7.0641,0.058404,17.12
94695,7.1241,0.060013,16.66
94696,7.1835,0.059384,16.84
94697,7.2416,0.058018,17.24
94698,7.3007,0.059068,16.93
94699,7.3596,0.059037,16.94
94700,7.4202,0.060523,16.52
94701,7.4779,0.057725,17.32
94702,7.5364,0.058544,17.08
94703,7.5945,0.058087,17.22
94704,7.6516,0.057079,17.52
94705,7.7087,0.057109,17.51
94706,7.7621,0.053439,18.71
94707,7.8192,0.057037,17.53
94708,7.8763,0.057122,17.51
94709,7.9331,0.056767,17.62
94710,7.9902,0.057193,17.48
94711,8.0475,0.057207,17.48
94712,8.1051,0.057658,17.34
94713,8.1624,0.057283,17.46
94714,8.2200,0.057537,17.38
94715,8.2773,0.057393,17.42
94716,8.3344,0.056987,17.55
94717,8.3918,0.057560,17.37
94718,8.4517,0.059828,16.71
94719,8.5093,0.057625,17.35
94720,8.5643,0.054945,18.20
94721,8.6241,0.059870,16.70
94722,8.6793,0.055133,18.14
94723,8.7390,0.059767,16.73
94724,8.7924,0.053325,18.75
94725,8.8518,0.059475,16.81
94726,8.9098,0.057939,17.26
94727,8.9673,0.057517,17.39
94728,9.0250,0.057659,17.34
94729,9.0820,0.057053,17.53
94730,9.1420,0.059995,16.67
94731,9.2029,0.060927,16.41
94732,9.2598,0.056772,17.61
94733,9.3162,0.056469,17.71
94734,9.3727,0.056552,17.68
94735,9.4324,0.059683,16.76
94736,9.4924,0.060026,16.66
94737,9.5520,0.059569,16.79
94738,9.6121,0.060063,16.65
94739,9.6725,0.060416,16.55
94740,9.7296,0.057180,17.49
94741,9.7860,0.056304,17.76
94742,9.8427,0.056733,17.63
94743,9.8993,0.056541,17.69
94744,9.9559,0.056717,17.63
