TotalFrame,Time,DeltaTime,FPS
78953,0.0000,0.036364,27.50
78954,0.0000,0.036364,27.50
78955,0.0200,0.020000,50.00
78956,0.0530,0.033043,30.26
78957,0.0856,0.032568,30.70
78958,0.1185,0.032831,30.46
78959,0.1508,0.032334,30.93
78960,0.1839,0.033124,30.19
78961,0.2161,0.032218,31.04
78962,0.2495,0.033344,29.99
78963,0.2815,0.031991,31.26
78964,0.3168,0.035367,28.28
78965,0.3493,0.032452,30.81
78966,0.3821,0.032853,30.44
78967,0.4160,0.033834,29.56
78968,0.4493,0.033340,29.99
78969,0.4827,0.033379,29.96
78970,0.5172,0.034421,29.05
78971,0.5491,0.031949,31.30
78972,0.5817,0.032656,30.62
78973,0.6153,0.033573,29.79
78974,0.6478,0.032463,30.80
78975,0.6812,0.033463,29.88
78976,0.7144,0.033208,30.11
78977,0.7477,0.033320,30.01
78978,0.7800,0.032201,31.06
78979,0.8102,0.030211,33.10
78980,0.8415,0.031325,31.92
78981,0.8736,0.032080,31.17
78982,0.9081,0.034530,28.96
78983,0.9412,0.033149,30.17
78984,0.9739,0.032681,30.60
78985,1.0075,0.033546,29.81
78986,1.0402,0.032721,30.56
78987,1.0736,0.033401,29.94
78988,1.1075,0.033886,29.51
78989,1.1424,0.034889,28.66
78990,1.1756,0.033246,30.08
78991,1.2082,0.032553,30.72
78992,1.2404,0.032173,31.08
78993,1.2734,0.033010,30.29
78994,1.3057,0.032390,30.87
78995,1.3382,0.032445,30.82
78996,1.3709,0.032678,30.60
78997,1.4066,0.035741,27.98
78998,1.4402,0.033567,29.79
78999,1.4741,0.033967,29.44
79000,1.5070,0.032893,30.40
79001,1.5399,0.032824,30.47
79002,1.5728,0.032917,30.38
79003,1.6072,0.034414,29.06
79004,1.6406,0.033357,29.98
79005,1.6740,0.033387,29.95
79006,1.7079,0.033996,29.42
79007,1.7417,0.033764,29.62
79008,1.7744,0.032734,30.55
79009,1.8068,0.032409,30.86
79010,1.8398,0.033015,30.29
79011,1.8737,0.033856,29.54
79012,1.9125,0.038831,25.75
79013,1.9500,0.037474,26.69
79014,1.9848,0.034774,28.76
79015,2.0171,0.032273,30.99
79016,2.0494,0.032299,30.96
79017,2.0823,0.032952,30.35
79018,2.1154,0.033023,30.28
79019,2.1486,0.033262,30.06
79020,2.1810,0.032375,30.89
79021,2.2156,0.034600,28.90
79022,2.2499,0.034319,29.14
79023,2.2819,0.031940,31.31
79024,2.3141,0.032309,30.95
79025,2.3466,0.032392,30.87
79026,2.3790,0.032460,30.81
79027,2.4133,0.034314,29.14
79028,2.4458,0.032519,30.75
79029,2.4788,0.033011,30.29
79030,2.5112,0.032397,30.87
79031,2.5437,0.032448,30.82
79032,2.5762,0.032570,30.70
79033,2.6092,0.032969,30.33
79034,2.6412,0.032042,31.21
79035,2.6732,0.031932,31.32
79036,2.7052,0.032030,31.22
79037,2.7388,0.033598,29.76
79038,2.7719,0.033108,30.20
79039,2.8057,0.033785,29.60
79040,2.8383,0.032565,30.71
79041,2.8710,0.032757,30.53
79042,2.9057,0.034661,28.85
79043,2.9379,0.032209,31.05
79044,2.9705,0.032591,30.68
79045,3.0040,0.033466,29.88
79046,3.0366,0.032619,30.66
79047,3.0699,0.033365,29.97
79048,3.1036,0.033706,29.67
79049,3.1382,0.034530,28.96
79050,3.1708,0.032574,30.70
79051,3.2029,0.032102,31.15
79052,3.2353,0.032446,30.82
79053,3.2687,0.033369,29.97
79054,3.3008,0.032124,31.13
79055,3.3330,0.032224,31.03
79056,3.3655,0.032536,30.74
79057,3.3990,0.033434,29.91
79058,3.4316,0.032567,30.71
79059,3.4639,0.032294,30.97
79060,3.4972,0.033343,29.99
79061,3.5294,0.032224,31.03
79062,3.5632,0.033842,29.55
79063,3.5970,0.033782,29.60
79064,3.6294,0.032337,30.92
79065,3.6616,0.032265,30.99
79066,3.6936,0.031956,31.29
79067,3.7267,0.033081,30.23
79068,3.7571,0.030384,32.91
79069,3.7896,0.032459,30.81
79070,3.8217,0.032170,31.09
79071,3.8544,0.032745,30.54
79072,3.8889,0.034402,29.07
79073,3.9188,0.029925,33.42
79074,3.9513,0.032516,30.75
79075,3.9863,0.034970,28.60
79076,4.0187,0.032431,30.83
79077,4.0513,0.032582,30.69
79078,4.0823,0.031017,32.24
79079,4.1198,0.037481,26.68
79080,4.1541,0.034366,29.10
79081,4.1890,0.034870,28.68
79082,4.2211,0.032081,31.17
79083,4.2531,0.032037,31.21
79084,4.2856,0.032494,30.78
79085,4.3177,0.032165,31.09
79086,4.3514,0.033694,29.68
79087,4.3851,0.033679,29.69
79088,4.4204,0.035286,28.34
79089,4.4528,0.032336,30.93
79090,4.4859,0.033153,30.16
79091,4.5179,0.032036,31.22
79092,4.5516,0.033668,29.70
79093,4.5843,0.032664,30.61
79094,4.6166,0.032300,30.96
79095,4.6488,0.032188,31.07
79096,4.6811,0.032305,30.95
79097,4.7148,0.033715,29.66
79098,4.7479,0.033135,30.18
79099,4.7799,0.031993,31.26
79100,4.8126,0.032633,30.64
79101,4.8453,0.032745,30.54
79102,4.8796,0.034297,29.16
79103,4.9120,0.032404,30.86
79104,4.9447,0.032694,30.59
79105,4.9769,0.032208,31.05
79106,5.0090,0.032077,31.17
79107,5.0415,0.032537,30.73
79108,5.0742,0.032630,30.65
79109,5.1067,0.032557,30.72
79110,5.1393,0.032639,30.64
79111,5.1720,0.032658,30.62
79112,5.2045,0.032472,30.80
79113,5.2364,0.031940,31.31
79114,5.2692,0.032778,30.51
79115,5.3026,0.033419,29.92
79116,5.3361,0.033519,29.83
79117,5.3688,0.032724,30.56
79118,5.4048,0.035920,27.84
79119,5.4373,0.032512,30.76
79120,5.4702,0.032849,30.44
79121,5.5022,0.032080,31.17
79122,5.5344,0.032193,31.06
79123,5.5679,0.033514,29.84
79124,5.6023,0.034345,29.12
79125,5.6356,0.033361,29.98
79126,5.6681,0.032450,30.82
79127,5.7000,0.031850,31.40
79128,5.7333,0.033360,29.98
79129,5.7656,0.032302,30.96
79130,5.7984,0.032830,30.46
79131,5.8310,0.032572,30.70
79132,5.8654,0.034438,29.04
79133,5.8994,0.033911,29.49
79134,5.9320,0.032686,30.59
79135,5.9652,0.033211,30.11
79136,5.9979,0.032640,30.64
79137,6.0317,0.033774,29.61
79138,6.0650,0.033371,29.97
79139,6.0984,0.033339,30.00
79140,6.1313,0.032956,30.34
79141,6.1643,0.032968,30.33
79142,6.1970,0.032663,30.62
79143,6.2299,0.032912,30.38
79144,6.2632,0.033394,29.95
79145,6.2959,0.032654,30.62
79146,6.3261,0.030181,33.13
79147,6.3590,0.032922,30.37
79148,6.3923,0.033349,29.99
79149,6.4249,0.032529,30.74
79150,6.4578,0.032919,30.38
79151,6.4902,0.032397,30.87
79152,6.5226,0.032448,30.82
79153,6.5551,0.032486,30.78
79154,6.5877,0.032547,30.73
79155,6.6200,0.032336,30.93
79156,6.6523,0.032254,31.00
79157,6.6848,0.032568,30.70
79158,6.7183,0.033442,29.90
79159,6.7514,0.033113,30.20
79160,6.7836,0.032179,31.08
79161,6.8157,0.032139,31.11
79162,6.8486,0.032937,30.36
79163,6.8806,0.031975,31.27
79164,6.9150,0.034383,29.08
79165,6.9475,0.032503,30.77
79166,6.9795,0.031990,31.26
79167,7.0119,0.032374,30.89
79168,7.0440,0.032104,31.15
79169,7.0768,0.032808,30.48
79170,7.1089,0.032120,31.13
79171,7.1409,0.031995,31.25
79172,7.1743,0.033420,29.92
79173,7.2062,0.031845,31.40
79174,7.2391,0.032934,30.36
79175,7.2712,0.032109,31.14
79176,7.3033,0.032101,31.15
79177,7.3355,0.032174,31.08
79178,7.3678,0.032282,30.98
79179,7.4022,0.034409,29.06
79180,7.4344,0.032202,31.05
79181,7.4664,0.031994,31.26
79182,7.4984,0.032015,31.24
79183,7.5306,0.032272,30.99
79184,7.5641,0.033466,29.88
79185,7.5974,0.033305,30.03
79186,7.6310,0.033574,29.79
79187,7.6652,0.034222,29.22
79188,7.6979,0.032644,30.63
79189,7.7306,0.032705,30.58
79190,7.7629,0.032347,30.92
79191,7.7951,0.032183,31.07
79192,7.8278,0.032734,30.55
79193,7.8602,0.032386,30.88
79194,7.8947,0.034418,29.05
79195,7.9277,0.033081,30.23
79196,7.9596,0.031842,31.41
79197,7.9916,0.032070,31.18
79198,8.0248,0.033123,30.19
79199,8.0579,0.033086,30.22
79200,8.0904,0.032573,30.70
79201,8.1226,0.032141,31.11
79202,8.1547,0.032146,31.11
79203,8.1875,0.032819,30.47
79204,8.2213,0.033803,29.58
79205,8.2555,0.034184,29.25
79206,8.2878,0.032350,30.91
79207,8.3214,0.033529,29.83
79208,8.3539,0.032466,30.80
79209,8.3881,0.034243,29.20
79210,8.4207,0.032531,30.74
79211,8.4537,0.033063,30.25
79212,8.4875,0.033854,29.54
79213,8.5198,0.032261,31.00
79214,8.5536,0.033790,29.59
79215,8.5880,0.034363,29.10
79216,8.6205,0.032567,30.71
79217,8.6534,0.032926,30.37
79218,8.6880,0.034549,28.94
79219,8.7218,0.033818,29.57
79220,8.7552,0.033382,29.96
79221,8.7883,0.033044,30.26
79222,8.8214,0.033155,30.16
79223,8.8541,0.032700,30.58
79224,8.8887,0.034607,28.90
79225,8.9212,0.032521,30.75
79226,8.9543,0.033060,30.25
79227,8.9865,0.032142,31.11
79228,9.0197,0.033307,30.02
79229,9.0544,0.034679,28.84
79230,9.0876,0.033221,30.10
79231,9.1235,0.035875,27.87
79232,9.1593,0.035796,27.94
79233,9.1928,0.033505,29.85
79234,9.2264,0.033596,29.77
79235,9.2601,0.033661,29.71
79236,9.2934,0.033300,30.03
79237,9.3266,0.033254,30.07
79238,9.3591,0.032462,30.81
79239,9.3925,0.033375,29.96
79240,9.4254,0.032976,30.33
79241,9.4590,0.033544,29.81
79242,9.4912,0.032244,31.01
79243,9.5234,0.032225,31.03
79244,9.5563,0.032842,30.45
79245,9.5903,0.034070,29.35
79246,9.6227,0.032369,30.89
79247,9.6549,0.032153,31.10
79248,9.6872,0.032330,30.93
79249,9.7193,0.032109,31.14
79250,9.7520,0.032619,30.66
79251,9.7839,0.031963,31.29
79252,9.8163,0.032450,30.82
79253,9.8487,0.032325,30.94
79254,9.8828,0.034155,29.28
79255,9.9163,0.033495,29.86
79256,9.9488,0.032449,30.82
79257,9.9820,0.033206,30.11
