TotalFrame,Time,DeltaTime,FPS
92180,0.0000,0.056008,17.85
92181,0.0000,0.056008,17.85
92182,0.0200,0.020000,50.00
92183,0.0737,0.053739,18.61
92184,0.1292,0.055430,18.04
92185,0.1820,0.052852,18.92
92186,0.2361,0.054006,18.52
92187,0.2883,0.052265,19.13
92188,0.3407,0.052386,19.09
92189,0.3893,0.048623,20.57
92190,0.4417,0.052390,19.09
92191,0.4939,0.052247,19.14
92192,0.5458,0.051839,19.29
92193,0.5975,0.051707,19.34
92194,0.6498,0.052315,19.11
92195,0.7031,0.053265,18.77
92196,0.7554,0.052344,19.10
92197,0.8075,0.052041,19.22
92198,0.8596,0.052121,19.19
92199,0.9143,0.054769,18.26
92200,0.9688,0.054396,18.38
92201,1.0226,0.053847,18.57
92202,1.0786,0.056017,17.85
92203,1.1322,0.053609,18.65
92204,1.1874,0.055187,18.12
92205,1.2406,0.053205,18.80
92206,1.2950,0.054459,18.36
92207,1.3489,0.053764,18.60
92208,1.4025,0.053641,18.64
92209,1.4573,0.054790,18.25
92210,1.5122,0.054958,18.20
92211,1.5647,0.052419,19.08
92212,1.6182,0.053525,18.68
92213,1.6703,0.052142,19.18
92214,1.7224,0.052075,19.20
92215,1.7750,0.052694,18.98
92216,1.8271,0.052093,19.20
92217,1.8813,0.054211,18.45
92218,1.9337,0.052375,19.09
92219,1.9878,0.054047,18.50
92220,2.0411,0.053272,18.77
92221,2.0934,0.052353,19.10
92222,2.1473,0.053943,18.54
92223,2.1996,0.052178,19.17
92224,2.2513,0.051830,19.29
92225,2.3075,0.056126,17.82
92226,2.3596,0.052131,19.18
92227,2.4150,0.055376,18.06
92228,2.4717,0.056722,17.63
92229,2.5256,0.053862,18.57
92230,2.5770,0.051433,19.44
92231,2.6310,0.053893,18.56
92232,2.6832,0.052307,19.12
92233,2.7357,0.052475,19.06
92234,2.7887,0.052966,18.88
92235,2.8405,0.051733,19.33
92236,2.8953,0.054852,18.23
92237,2.9470,0.051782,19.31
92238,2.9991,0.052064,19.21
92239,3.0518,0.052642,19.00
92240,3.1040,0.052319,19.11
92241,3.1543,0.050262,19.90
92242,3.2096,0.055324,18.08
92243,3.2632,0.053550,18.67
92244,3.3174,0.054166,18.46
92245,3.3729,0.055607,17.98
92246,3.4236,0.050558,19.78
92247,3.4739,0.050334,19.87
92248,3.5273,0.053497,18.69
92249,3.5809,0.053563,18.67
92250,3.6309,0.049951,20.02
92251,3.6827,0.051825,19.30
92252,3.7345,0.051777,19.31
92253,3.7883,0.053898,18.55
92254,3.8409,0.052564,19.02
92255,3.8932,0.052203,19.16
92256,3.9457,0.052515,19.04
92257,3.9991,0.053451,18.71
92258,4.0543,0.055218,18.11
92259,4.1069,0.052553,19.03
92260,4.1584,0.051605,19.38
92261,4.2107,0.052166,19.17
92262,4.2632,0.052484,19.05
92263,4.3131,0.050017,19.99
92264,4.3655,0.052315,19.11
92265,4.4192,0.053776,18.60
92266,4.4723,0.053074,18.84
92267,4.5245,0.052213,19.15
92268,4.5782,0.053684,18.63
92269,4.6282,0.049932,20.03
92270,4.6803,0.052147,19.18
92271,4.7325,0.052299,19.12
92272,4.7859,0.053258,18.78
92273,4.8352,0.049392,20.25
92274,4.8883,0.053093,18.83
92275,4.9432,0.054876,18.22
92276,4.9956,0.052369,19.10
92277,5.0507,0.055049,18.17
92278,5.1072,0.056502,17.70
92279,5.1569,0.049746,20.10
92280,5.2109,0.054116,18.48
92281,5.2623,0.051392,19.46
92282,5.3175,0.055077,18.16
92283,5.3748,0.057296,17.45
92284,5.4293,0.054578,18.32
92285,5.4823,0.052998,18.87
92286,5.5353,0.052951,18.89
92287,5.5881,0.052806,18.94
92288,5.6443,0.056144,17.81
92289,5.6981,0.053886,18.56
92290,5.7527,0.054585,18.32
92291,5.8057,0.052959,18.88
92292,5.8582,0.052525,19.04
92293,5.9109,0.052716,18.97
92294,5.9633,0.052392,19.09
92295,6.0183,0.055031,18.17
92296,6.0708,0.052487,19.05
92297,6.1230,0.052264,19.13
92298,6.1771,0.054100,18.48
92299,6.2294,0.052189,19.16
92300,6.2833,0.053929,18.54
92301,6.3358,0.052466,19.06
92302,6.3893,0.053574,18.67
92303,6.4423,0.052883,18.91
92304,6.4969,0.054770,18.26
92305,6.5499,0.052927,18.89
92306,6.6021,0.052135,19.18
92307,6.6567,0.054661,18.29
92308,6.7086,0.051943,19.25
92309,6.7626,0.053880,18.56
92310,6.8156,0.053042,18.85
92311,6.8695,0.053953,18.53
92312,6.9202,0.050606,19.76
92313,6.9760,0.055821,17.91
92314,7.0293,0.053300,18.76
92315,7.0818,0.052487,19.05
92316,7.1357,0.054054,18.50
92317,7.1882,0.052473,19.06
92318,7.2402,0.051976,19.24
92319,7.2941,0.053813,18.58
92320,7.3461,0.052025,19.22
92321,7.4014,0.055273,18.09
92322,7.4532,0.051940,19.25
92323,7.5061,0.052790,18.94
92324,7.5584,0.052239,19.14
92325,7.6094,0.050994,19.61
92326,7.6616,0.052322,19.11
92327,7.7141,0.052461,19.06
92328,7.7676,0.053497,18.69
92329,7.8218,0.054149,18.47
92330,7.8738,0.051999,19.23
92331,7.9266,0.052941,18.89
92332,7.9819,0.055183,18.12
92333,8.0342,0.052360,19.10
92334,8.0906,0.056316,17.76
92335,8.1442,0.053562,18.67
92336,8.1934,0.049242,20.31
92337,8.2488,0.055370,18.06
92338,8.3026,0.053899,18.55
92339,8.3514,0.048844,20.47
92340,8.4039,0.052474,19.06
92341,8.4573,0.053316,18.76
92342,8.5107,0.053502,18.69
92343,8.5629,0.052089,19.20
92344,8.6143,0.051368,19.47
92345,8.6716,0.057359,17.43
92346,8.7285,0.056957,17.56
92347,8.7782,0.049654,20.14
92348,8.8307,0.052471,19.06
92349,8.8839,0.053208,18.79
92350,8.9344,0.050548,19.78
92351,8.9877,0.053318,18.76
92352,9.0409,0.053156,18.81
92353,9.0942,0.053332,18.75
92354,9.1465,0.052208,19.15
92355,9.1990,0.052523,19.04
92356,9.2512,0.052249,19.14
92357,9.3037,0.052524,19.04
92358,9.3572,0.053397,18.73
92359,9.4093,0.052223,19.15
92360,9.4612,0.051813,19.30
92361,9.5143,0.053182,18.80
92362,9.5667,0.052292,19.12
92363,9.6188,0.052091,19.20
92364,9.6708,0.052012,19.23
92365,9.7228,0.052052,19.21
92366,9.7759,0.053151,18.81
92367,9.8282,0.052342,19.11
92368,9.8806,0.052388,19.09
92369,9.9347,0.054037,18.51
92370,9.9873,0.052638,19.00
