TotalFrame,Time,DeltaTime,FPS
60757,0.0000,0.021149,47.28
60758,0.0000,0.021149,47.28
60759,0.0200,0.020000,50.00
60760,0.0377,0.017646,56.67
60761,0.0555,0.017790,56.21
60762,0.0730,0.017599,56.82
60763,0.0907,0.017690,56.53
60764,0.1083,0.017539,57.02
60765,0.1259,0.017693,56.52
60766,0.1440,0.018084,55.30
60767,0.1626,0.018529,53.97
60768,0.1803,0.017688,56.53
60769,0.1982,0.017991,55.58
60770,0.2160,0.017746,56.35
60771,0.2335,0.017474,57.23
60772,0.2509,0.017384,57.53
60773,0.2683,0.017445,57.32
60774,0.2872,0.018915,52.87
60775,0.3058,0.018589,53.79
60776,0.3232,0.017388,57.51
60777,0.3404,0.017226,58.05
60778,0.3581,0.017664,56.61
60779,0.3769,0.018828,53.11
60780,0.3958,0.018879,52.97
60781,0.4147,0.018917,52.86
60782,0.4326,0.017932,55.76
60783,0.4502,0.017592,56.84
60784,0.4677,0.017476,57.22
60785,0.4863,0.018599,53.77
60786,0.5040,0.017727,56.41
60787,0.5215,0.017490,57.18
60788,0.5393,0.017756,56.32
60789,0.5569,0.017579,56.89
60790,0.5763,0.019437,51.45
60791,0.5958,0.019519,51.23
60792,0.6149,0.019061,52.46
60793,0.6335,0.018628,53.68
60794,0.6516,0.018082,55.30
60795,0.6693,0.017689,56.53
60796,0.6869,0.017616,56.77
60797,0.7045,0.017608,56.79
60798,0.7225,0.018027,55.47
60799,0.7400,0.017472,57.23
60800,0.7577,0.017681,56.56
60801,0.7752,0.017566,56.93
60802,0.7928,0.017564,56.93
60803,0.8112,0.018380,54.41
60804,0.8282,0.017038,58.69
60805,0.8466,0.018323,54.58
60806,0.8648,0.018219,54.89
60807,0.8849,0.020087,49.78
60808,0.9035,0.018642,53.64
60809,0.9224,0.018933,52.82
60810,0.9404,0.017939,55.74
60811,0.9579,0.017564,56.94
60812,0.9756,0.017698,56.50
60813,0.9929,0.017248,57.98
60814,1.0105,0.017616,56.77
60815,1.0285,0.018057,55.38
60816,1.0478,0.019264,51.91
60817,1.0669,0.019052,52.49
60818,1.0856,0.018759,53.31
60819,1.1039,0.018224,54.87
60820,1.1211,0.017267,57.91
60821,1.1389,0.017767,56.28
60822,1.1568,0.017941,55.74
60823,1.1757,0.018848,53.06
60824,1.1949,0.019174,52.15
60825,1.2125,0.017620,56.75
60826,1.2303,0.017780,56.24
60827,1.2480,0.017787,56.22
60828,1.2657,0.017694,56.52
60829,1.2832,0.017453,57.30
60830,1.3005,0.017323,57.73
60831,1.3180,0.017491,57.17
60832,1.3355,0.017523,57.07
60833,1.3531,0.017607,56.80
60834,1.3723,0.019186,52.12
60835,1.3903,0.017979,55.62
60836,1.4080,0.017694,56.52
60837,1.4254,0.017432,57.36
60838,1.4428,0.017369,57.58
60839,1.4606,0.017787,56.22
60840,1.4783,0.017773,56.27
60841,1.4976,0.019235,51.99
60842,1.5154,0.017856,56.01
60843,1.5346,0.019145,52.23
60844,1.5523,0.017738,56.38
60845,1.5699,0.017533,57.04
60846,1.5879,0.018013,55.52
60847,1.6059,0.018058,55.38
60848,1.6237,0.017838,56.06
60849,1.6415,0.017786,56.22
60850,1.6607,0.019138,52.25
60851,1.6783,0.017579,56.89
60852,1.6960,0.017704,56.48
60853,1.7144,0.018485,54.10
60854,1.7320,0.017515,57.09
60855,1.7506,0.018636,53.66
60856,1.7683,0.017718,56.44
60857,1.7860,0.017640,56.69
60858,1.8035,0.017572,56.91
60859,1.8212,0.017638,56.69
60860,1.8390,0.017820,56.12
60861,1.8569,0.017940,55.74
60862,1.8745,0.017548,56.99
60863,1.8924,0.017901,55.86
60864,1.9105,0.018131,55.15
60865,1.9280,0.017471,57.24
60866,1.9458,0.017834,56.07
60867,1.9644,0.018549,53.91
60868,1.9826,0.018265,54.75
60869,2.0001,0.017434,57.36
60870,2.0165,0.016473,60.71
60871,2.0344,0.017822,56.11
60872,2.0523,0.017916,55.81
60873,2.0697,0.017418,57.41
60874,2.0872,0.017481,57.21
60875,2.1050,0.017850,56.02
60876,2.1241,0.019061,52.46
60877,2.1427,0.018654,53.61
60878,2.1605,0.017782,56.24
60879,2.1780,0.017447,57.32
60880,2.1959,0.017884,55.92
60881,2.2136,0.017701,56.49
60882,2.2310,0.017446,57.32
60883,2.2499,0.018877,52.97
60884,2.2678,0.017885,55.91
60885,2.2863,0.018590,53.79
60886,2.3054,0.019058,52.47
60887,2.3246,0.019205,52.07
60888,2.3423,0.017632,56.72
60889,2.3597,0.017504,57.13
60890,2.3773,0.017514,57.10
60891,2.3952,0.017947,55.72
60892,2.4129,0.017695,56.51
60893,2.4306,0.017725,56.42
60894,2.4482,0.017524,57.07
60895,2.4659,0.017785,56.23
60896,2.4839,0.017952,55.70
60897,2.5024,0.018504,54.04
60898,2.5199,0.017525,57.06
60899,2.5389,0.018979,52.69
60900,2.5565,0.017656,56.64
60901,2.5746,0.018019,55.50
60902,2.5923,0.017733,56.39
60903,2.6099,0.017631,56.72
60904,2.6274,0.017439,57.34
60905,2.6457,0.018273,54.72
60906,2.6631,0.017464,57.26
60907,2.6807,0.017625,56.74
60908,2.6994,0.018639,53.65
60909,2.7169,0.017550,56.98
60910,2.7339,0.016926,59.08
60911,2.7515,0.017663,56.62
60912,2.7690,0.017463,57.26
60913,2.7865,0.017554,56.97
60914,2.8041,0.017535,57.03
60915,2.8213,0.017267,57.92
60916,2.8391,0.017806,56.16
60917,2.8575,0.018369,54.44
60918,2.8752,0.017633,56.71
60919,2.8916,0.016477,60.69
60920,2.9098,0.018182,55.00
60921,2.9274,0.017609,56.79
60922,2.9454,0.017971,55.65
60923,2.9635,0.018095,55.27
60924,2.9820,0.018498,54.06
60925,2.9998,0.017808,56.16
60926,3.0176,0.017792,56.20
60927,3.0353,0.017738,56.38
60928,3.0529,0.017573,56.91
60929,3.0717,0.018854,53.04
60930,3.0893,0.017597,56.83
60931,3.1074,0.018020,55.49
60932,3.1248,0.017438,57.35
60933,3.1433,0.018460,54.17
60934,3.1604,0.017169,58.24
60935,3.1792,0.018790,53.22
60936,3.1967,0.017461,57.27
60937,3.2144,0.017786,56.22
60938,3.2324,0.017961,55.68
60939,3.2500,0.017612,56.78
60940,3.2678,0.017735,56.38
60941,3.2855,0.017738,56.38
60942,3.3033,0.017750,56.34
60943,3.3204,0.017110,58.45
60944,3.3386,0.018272,54.73
60945,3.3563,0.017661,56.62
60946,3.3737,0.017370,57.57
60947,3.3927,0.019025,52.56
60948,3.4115,0.018839,53.08
60949,3.4290,0.017482,57.20
60950,3.4464,0.017335,57.69
60951,3.4637,0.017336,57.69
60952,3.4820,0.018301,54.64
60953,3.4995,0.017524,57.07
60954,3.5172,0.017663,56.62
60955,3.5350,0.017866,55.97
60956,3.5531,0.018036,55.45
60957,3.5704,0.017286,57.85
60958,3.5880,0.017619,56.76
60959,3.6055,0.017531,57.04
60960,3.6234,0.017911,55.83
60961,3.6408,0.017363,57.59
60962,3.6584,0.017632,56.72
60963,3.6759,0.017532,57.04
60964,3.6949,0.018924,52.84
60965,3.7124,0.017521,57.07
60966,3.7298,0.017389,57.51
60967,3.7476,0.017770,56.28
60968,3.7651,0.017560,56.95
60969,3.7828,0.017684,56.55
60970,3.8000,0.017258,57.94
60971,3.8174,0.017357,57.61
60972,3.8351,0.017648,56.66
60973,3.8538,0.018777,53.26
60974,3.8735,0.019640,50.92
60975,3.8911,0.017622,56.75
60976,3.9085,0.017417,57.42
60977,3.9263,0.017831,56.08
60978,3.9441,0.017786,56.22
60979,3.9620,0.017841,56.05
60980,3.9803,0.018299,54.65
60981,3.9981,0.017863,55.98
60982,4.0160,0.017848,56.03
60983,4.0338,0.017767,56.28
60984,4.0515,0.017784,56.23
60985,4.0691,0.017594,56.84
60986,4.0868,0.017647,56.67
60987,4.1043,0.017521,57.07
60988,4.1217,0.017383,57.53
60989,4.1392,0.017509,57.11
60990,4.1570,0.017774,56.26
60991,4.1744,0.017452,57.30
60992,4.1922,0.017812,56.14
60993,4.2119,0.019645,50.90
60994,4.2295,0.017617,56.76
60995,4.2469,0.017360,57.61
60996,4.2657,0.018826,53.12
60997,4.2832,0.017562,56.94
60998,4.2993,0.016053,62.29
60999,4.3167,0.017460,57.27
61000,4.3342,0.017456,57.29
61001,4.3523,0.018132,55.15
61002,4.3701,0.017776,56.25
61003,4.3877,0.017604,56.81
61004,4.4055,0.017737,56.38
61005,4.4231,0.017674,56.58
61006,4.4404,0.017292,57.83
61007,4.4581,0.017718,56.44
61008,4.4758,0.017670,56.59
61009,4.4941,0.018322,54.58
61010,4.5117,0.017597,56.83
61011,4.5291,0.017429,57.38
61012,4.5478,0.018632,53.67
61013,4.5656,0.017825,56.10
61014,4.5833,0.017697,56.51
61015,4.6007,0.017402,57.47
61016,4.6183,0.017647,56.67
61017,4.6363,0.017907,55.85
61018,4.6537,0.017388,57.51
61019,4.6714,0.017757,56.32
61020,4.6906,0.019246,51.96
61021,4.7085,0.017820,56.12
61022,4.7263,0.017866,55.97
61023,4.7442,0.017891,55.89
61024,4.7617,0.017446,57.32
61025,4.7790,0.017295,57.82
61026,4.7977,0.018749,53.34
61027,4.8152,0.017432,57.37
61028,4.8326,0.017504,57.13
61029,4.8502,0.017579,56.89
61030,4.8696,0.019381,51.60
61031,4.8872,0.017566,56.93
61032,4.9046,0.017400,57.47
61033,4.9223,0.017727,56.41
61034,4.9399,0.017553,56.97
61035,4.9575,0.017632,56.71
61036,4.9751,0.017627,56.73
61037,4.9931,0.017947,55.72
61038,5.0126,0.019503,51.27
61039,5.0301,0.017560,56.95
61040,5.0482,0.018118,55.19
61041,5.0659,0.017602,56.81
61042,5.0847,0.018838,53.09
61043,5.1025,0.017807,56.16
61044,5.1197,0.017225,58.06
61045,5.1373,0.017533,57.04
61046,5.1549,0.017617,56.76
61047,5.1728,0.017937,55.75
61048,5.1905,0.017671,56.59
61049,5.2095,0.019059,52.47
61050,5.2276,0.018084,55.30
61051,5.2474,0.019806,50.49
61052,5.2668,0.019317,51.77
61053,5.2864,0.019629,50.94
61054,5.3052,0.018872,52.99
61055,5.3241,0.018817,53.14
61056,5.3434,0.019343,51.70
61057,5.3611,0.017647,56.67
61058,5.3802,0.019169,52.17
61059,5.3994,0.019128,52.28
61060,5.4173,0.017989,55.59
61061,5.4350,0.017640,56.69
61062,5.4526,0.017615,56.77
61063,5.4702,0.017611,56.78
61064,5.4886,0.018456,54.18
61065,5.5059,0.017265,57.92
61066,5.5235,0.017558,56.95
61067,5.5411,0.017644,56.68
61068,5.5586,0.017455,57.29
61069,5.5765,0.017915,55.82
61070,5.5939,0.017427,57.38
61071,5.6113,0.017414,57.43
61072,5.6289,0.017590,56.85
61073,5.6463,0.017352,57.63
61074,5.6640,0.017743,56.36
61075,5.6813,0.017297,57.81
61076,5.6989,0.017584,56.87
61077,5.7170,0.018065,55.36
61078,5.7344,0.017442,57.33
61079,5.7522,0.017783,56.23
61080,5.7699,0.017699,56.50
61081,5.7876,0.017698,56.50
61082,5.8055,0.017917,55.81
61083,5.8237,0.018182,55.00
61084,5.8419,0.018216,54.90
61085,5.8599,0.017992,55.58
61086,5.8797,0.019847,50.39
61087,5.8981,0.018328,54.56
61088,5.9166,0.018541,53.94
61089,5.9342,0.017574,56.90
61090,5.9518,0.017662,56.62
61091,5.9686,0.016706,59.86
61092,5.9873,0.018732,53.39
61093,6.0047,0.017401,57.47
61094,6.0223,0.017616,56.77
61095,6.0396,0.017354,57.62
61096,6.0575,0.017839,56.06
61097,6.0750,0.017549,56.98
61098,6.0927,0.017670,56.59
61099,6.1105,0.017831,56.08
61100,6.1283,0.017750,56.34
61101,6.1457,0.017378,57.55
61102,6.1622,0.016559,60.39
61103,6.1808,0.018545,53.92
61104,6.1986,0.017793,56.20
61105,6.2162,0.017594,56.84
61106,6.2343,0.018089,55.28
61107,6.2520,0.017719,56.44
61108,6.2714,0.019449,51.42
61109,6.2889,0.017499,57.15
61110,6.3066,0.017661,56.62
61111,6.3241,0.017492,57.17
61112,6.3416,0.017574,56.90
61113,6.3606,0.018920,52.85
61114,6.3782,0.017681,56.56
61115,6.3958,0.017504,57.13
61116,6.4131,0.017364,57.59
61117,6.4309,0.017829,56.09
61118,6.4486,0.017669,56.60
61119,6.4660,0.017385,57.52
61120,6.4840,0.017985,55.60
61121,6.5015,0.017506,57.12
61122,6.5212,0.019688,50.79
61123,6.5387,0.017508,57.12
61124,6.5562,0.017567,56.92
61125,6.5741,0.017841,56.05
61126,6.5916,0.017474,57.23
61127,6.6092,0.017635,56.71
61128,6.6266,0.017460,57.28
61129,6.6442,0.017523,57.07
61130,6.6616,0.017430,57.37
61131,6.6790,0.017353,57.63
61132,6.6966,0.017647,56.67
61133,6.7147,0.018030,55.46
61134,6.7324,0.017745,56.36
61135,6.7502,0.017813,56.14
61136,6.7678,0.017612,56.78
61137,6.7858,0.017938,55.75
61138,6.8033,0.017580,56.88
61139,6.8208,0.017437,57.35
61140,6.8399,0.019095,52.37
61141,6.8590,0.019181,52.14
61142,6.8770,0.017989,55.59
61143,6.8948,0.017811,56.15
61144,6.9137,0.018861,53.02
61145,6.9318,0.018091,55.27
61146,6.9494,0.017587,56.86
61147,6.9669,0.017488,57.18
61148,6.9865,0.019625,50.96
61149,7.0044,0.017899,55.87
61150,7.0241,0.019671,50.84
61151,7.0422,0.018143,55.12
61152,7.0614,0.019155,52.21
61153,7.0791,0.017778,56.25
61154,7.0968,0.017695,56.51
61155,7.1144,0.017555,56.96
61156,7.1321,0.017699,56.50
61157,7.1504,0.018265,54.75
61158,7.1680,0.017677,56.57
61159,7.1853,0.017313,57.76
61160,7.2032,0.017814,56.14
61161,7.2211,0.017903,55.86
61162,7.2385,0.017445,57.32
61163,7.2563,0.017801,56.18
61164,7.2739,0.017590,56.85
61165,7.2918,0.017871,55.96
61166,7.3096,0.017852,56.02
61167,7.3273,0.017673,56.59
61168,7.3451,0.017759,56.31
61169,7.3627,0.017662,56.62
61170,7.3812,0.018508,54.03
61171,7.3989,0.017653,56.65
61172,7.4166,0.017748,56.34
61173,7.4343,0.017702,56.49
61174,7.4518,0.017451,57.30
61175,7.4695,0.017718,56.44
61176,7.4878,0.018316,54.60
61177,7.5073,0.019440,51.44
61178,7.5259,0.018643,53.64
61179,7.5436,0.017672,56.59
61180,7.5611,0.017531,57.04
61181,7.5786,0.017475,57.23
61182,7.5964,0.017868,55.96
61183,7.6140,0.017533,57.03
61184,7.6317,0.017676,56.57
61185,7.6491,0.017477,57.22
61186,7.6672,0.018056,55.38
61187,7.6847,0.017488,57.18
61188,7.7022,0.017577,56.89
61189,7.7201,0.017816,56.13
61190,7.7376,0.017519,57.08
61191,7.7551,0.017545,57.00
61192,7.7740,0.018896,52.92
61193,7.7919,0.017903,55.86
61194,7.8094,0.017452,57.30
61195,7.8267,0.017274,57.89
61196,7.8444,0.017759,56.31
61197,7.8620,0.017554,56.97
61198,7.8795,0.017527,57.05
61199,7.8976,0.018110,55.22
61200,7.9150,0.017366,57.58
61201,7.9327,0.017702,56.49
61202,7.9520,0.019291,51.84
61203,7.9697,0.017743,56.36
61204,7.9875,0.017814,56.13
61205,8.0056,0.018069,55.34
61206,8.0229,0.017358,57.61
61207,8.0407,0.017724,56.42
61208,8.0585,0.017846,56.03
61209,8.0762,0.017691,56.53
61210,8.0941,0.017927,55.78
61211,8.1120,0.017894,55.88
61212,8.1296,0.017590,56.85
61213,8.1472,0.017608,56.79
61214,8.1647,0.017482,57.20
61215,8.1822,0.017521,57.07
61216,8.1995,0.017277,57.88
61217,8.2170,0.017540,57.01
61218,8.2357,0.018630,53.68
61219,8.2535,0.017840,56.05
61220,8.2710,0.017525,57.06
61221,8.2901,0.019084,52.40
61222,8.3075,0.017338,57.68
61223,8.3250,0.017516,57.09
61224,8.3429,0.017948,55.72
61225,8.3605,0.017622,56.75
61226,8.3781,0.017582,56.88
61227,8.3956,0.017497,57.15
61228,8.4138,0.018201,54.94
61229,8.4316,0.017755,56.32
61230,8.4492,0.017583,56.87
61231,8.4665,0.017337,57.68
61232,8.4843,0.017738,56.38
61233,8.5009,0.016600,60.24
61234,8.5198,0.018971,52.71
61235,8.5372,0.017380,57.54
61236,8.5562,0.019007,52.61
61237,8.5757,0.019445,51.43
61238,8.5955,0.019875,50.32
61239,8.6156,0.020044,49.89
61240,8.6349,0.019307,51.80
61241,8.6532,0.018323,54.58
61242,8.6719,0.018725,53.40
61243,8.6913,0.019407,51.53
61244,8.7109,0.019591,51.04
61245,8.7305,0.019553,51.14
61246,8.7505,0.020036,49.91
61247,8.7730,0.022531,44.38
61248,8.7945,0.021440,46.64
61249,8.8155,0.020985,47.65
61250,8.8388,0.023356,42.82
61251,8.8615,0.022714,44.03
61252,8.8815,0.020000,50.00
61253,8.9015,0.020000,50.00
61254,8.9383,0.036769,27.20
61255,8.9587,0.020378,49.07
61256,8.9778,0.019073,52.43
61257,8.9980,0.020284,49.30
61258,9.0174,0.019379,51.60
61259,9.0345,0.017051,58.65
61260,9.0564,0.021901,45.66
61261,9.0925,0.036153,27.66
61262,9.1128,0.020300,49.26
61263,9.1329,0.020073,49.82
61264,9.1505,0.017613,56.78
61265,9.1704,0.019903,50.24
61266,9.1898,0.019415,51.51
61267,9.2098,0.019950,50.13
61268,9.2287,0.018917,52.86
61269,9.2483,0.019566,51.11
61270,9.2673,0.019089,52.39
61271,9.2852,0.017918,55.81
61272,9.3020,0.016718,59.82
61273,9.3202,0.018227,54.86
61274,9.3409,0.020638,48.45
61275,9.3633,0.022480,44.48
61276,9.3842,0.020849,47.96
61277,9.4055,0.021343,46.85
61278,9.4265,0.020953,47.73
61279,9.4466,0.020110,49.73
61280,9.4674,0.020823,48.02
61281,9.4880,0.020617,48.50
61282,9.5115,0.023449,42.65
61283,9.5313,0.019859,50.36
61284,9.5497,0.018430,54.26
61285,9.5692,0.019392,51.57
61286,9.5867,0.017525,57.06
61287,9.6042,0.017525,57.06
61288,9.6220,0.017805,56.16
61289,9.6414,0.019450,51.41
61290,9.6594,0.017935,55.76
61291,9.6765,0.017150,58.31
61292,9.6981,0.021510,46.49
61293,9.7225,0.024493,40.83
61294,9.7435,0.020923,47.79
61295,9.7646,0.021091,47.41
61296,9.7853,0.020772,48.14
61297,9.8086,0.023292,42.93
61298,9.8281,0.019499,51.28
61299,9.8503,0.022213,45.02
61300,9.8741,0.023817,41.99
61301,9.8979,0.023696,42.20
61302,9.9183,0.020507,48.76
61303,9.9405,0.022178,45.09
61304,9.9597,0.019181,52.13
61305,9.9792,0.019488,51.31
61306,9.9973,0.018111,55.22
