TotalFrame,Time,DeltaTime,FPS
87610,0.0000,0.047190,21.19
87611,0.0000,0.047190,21.19
87612,0.0199,0.020000,50.00
87613,0.0640,0.044064,22.69
87614,0.1084,0.044429,22.51
87615,0.1549,0.046463,21.52
87616,0.2012,0.046255,21.62
87617,0.2452,0.044108,22.67
87618,0.2906,0.045345,22.05
87619,0.3346,0.043997,22.73
87620,0.3805,0.045927,21.77
87621,0.4265,0.045982,21.75
87622,0.4734,0.046854,21.34
87623,0.5175,0.044095,22.68
87624,0.5614,0.043941,22.76
87625,0.6051,0.043701,22.88
87626,0.6498,0.044705,22.37
87627,0.6941,0.044315,22.57
87628,0.7380,0.043970,22.74
87629,0.7791,0.040969,24.41
87630,0.8234,0.044316,22.57
87631,0.8687,0.045297,22.08
87632,0.9138,0.045180,22.13
87633,0.9580,0.044110,22.67
87634,1.0018,0.043908,22.77
87635,1.0463,0.044414,22.52
87636,1.0903,0.044100,22.68
87637,1.1365,0.046143,21.67
87638,1.1799,0.043446,23.02
87639,1.2241,0.044107,22.67
87640,1.2682,0.044124,22.66
87641,1.3143,0.046151,21.67
87642,1.3557,0.041328,24.20
87643,1.3990,0.043349,23.07
87644,1.4436,0.044532,22.46
87645,1.4878,0.044230,22.61
87646,1.5326,0.044774,22.33
87647,1.5792,0.046627,21.45
87648,1.6246,0.045412,22.02
87649,1.6698,0.045238,22.11
87650,1.7136,0.043799,22.83
87651,1.7574,0.043790,22.84
87652,1.8011,0.043697,22.88
87653,1.8453,0.044192,22.63
87654,1.8905,0.045177,22.14
87655,1.9365,0.046064,21.71
87656,1.9838,0.047167,21.20
87657,2.0299,0.046177,21.66
87658,2.0762,0.046268,21.61
87659,2.1226,0.046331,21.58
87660,2.1667,0.044241,22.60
87661,2.2111,0.044295,22.58
87662,2.2557,0.044712,22.37
87663,2.2997,0.043872,22.79
87664,2.3440,0.044333,22.56
87665,2.3884,0.044406,22.52
87666,2.4334,0.044934,22.25
87667,2.4783,0.045006,22.22
87668,2.5239,0.045557,21.95
87669,2.5680,0.044145,22.65
87670,2.6134,0.045333,22.06
87671,2.6597,0.046355,21.57
87672,2.7039,0.044208,22.62
87673,2.7493,0.045347,22.05
87674,2.7946,0.045355,22.05
87675,2.8370,0.042398,23.59
87676,2.8788,0.041785,23.93
87677,2.9233,0.044509,22.47
87678,2.9673,0.044032,22.71
87679,3.0085,0.041177,24.29
87680,3.0531,0.044610,22.42
87681,3.0972,0.044004,22.73
87682,3.1423,0.045244,22.10
87683,3.1871,0.044752,22.35
87684,3.2311,0.043928,22.76
87685,3.2750,0.044011,22.72
87686,3.3190,0.043881,22.79
87687,3.3628,0.043818,22.82
87688,3.4069,0.044076,22.69
87689,3.4532,0.046444,21.53
87690,3.4991,0.045854,21.81
87691,3.5433,0.044181,22.63
87692,3.5887,0.045376,22.04
87693,3.6356,0.046921,21.31
87694,3.6798,0.044252,22.60
87695,3.7260,0.046030,21.73
87696,3.7722,0.046337,21.58
87697,3.8176,0.045457,22.00
87698,3.8630,0.045300,22.07
87699,3.9072,0.044292,22.58
87700,3.9502,0.042965,23.27
87701,3.9944,0.044125,22.66
87702,4.0389,0.044557,22.44
87703,4.0850,0.046071,21.71
87704,4.1302,0.045238,22.11
87705,4.1748,0.044544,22.45
87706,4.2185,0.043760,22.85
87707,4.2653,0.046732,21.40
87708,4.3121,0.046917,21.31
87709,4.3572,0.044987,22.23
87710,4.4021,0.044984,22.23
87711,4.4473,0.045133,22.16
87712,4.4922,0.044859,22.29
87713,4.5376,0.045507,21.97
87714,4.5812,0.043557,22.96
87715,4.6265,0.045211,22.12
87716,4.6718,0.045349,22.05
87717,4.7157,0.043867,22.80
87718,4.7595,0.043852,22.80
87719,4.8037,0.044173,22.64
87720,4.8477,0.044024,22.72
87721,4.8915,0.043735,22.86
87722,4.9377,0.046333,21.58
87723,4.9832,0.045380,22.04
87724,5.0277,0.044631,22.41
87725,5.0728,0.045000,22.22
87726,5.1169,0.044150,22.65
87727,5.1609,0.044025,22.71
87728,5.2054,0.044483,22.48
87729,5.2507,0.045318,22.07
87730,5.2976,0.046835,21.35
87731,5.3400,0.042341,23.62
87732,5.3838,0.043870,22.79
87733,5.4282,0.044481,22.48
87734,5.4728,0.044505,22.47
87735,5.5183,0.045578,21.94
87736,5.5658,0.047407,21.09
87737,5.6097,0.043981,22.74
87738,5.6553,0.045578,21.94
87739,5.6993,0.044049,22.70
87740,5.7446,0.045214,22.12
87741,5.7889,0.044370,22.54
87742,5.8329,0.043947,22.75
87743,5.8783,0.045394,22.03
87744,5.9240,0.045614,21.92
87745,5.9702,0.046350,21.58
87746,6.0145,0.044218,22.62
87747,6.0585,0.044042,22.71
87748,6.1040,0.045544,21.96
87749,6.1483,0.044234,22.61
87750,6.1947,0.046455,21.53
87751,6.2401,0.045383,22.03
87752,6.2859,0.045754,21.86
87753,6.3302,0.044372,22.54
87754,6.3772,0.046956,21.30
87755,6.4210,0.043858,22.80
87756,6.4655,0.044407,22.52
87757,6.5100,0.044540,22.45
87758,6.5558,0.045799,21.83
87759,6.5997,0.043931,22.76
87760,6.6445,0.044810,22.32
87761,6.6887,0.044188,22.63
87762,6.7335,0.044744,22.35
87763,6.7789,0.045381,22.04
87764,6.8235,0.044555,22.44
87765,6.8701,0.046731,21.40
87766,6.9143,0.044210,22.62
87767,6.9608,0.046407,21.55
87768,7.0079,0.047111,21.23
87769,7.0524,0.044485,22.48
87770,7.1008,0.048407,20.66
87771,7.1469,0.046114,21.69
87772,7.1912,0.044329,22.56
87773,7.2373,0.046094,21.69
87774,7.2837,0.046323,21.59
87775,7.3285,0.044811,22.32
87776,7.3730,0.044542,22.45
87777,7.4178,0.044869,22.29
87778,7.4628,0.044930,22.26
87779,7.5074,0.044707,22.37
87780,7.5485,0.040916,24.44
87781,7.5934,0.044958,22.24
87782,7.6381,0.044667,22.39
87783,7.6826,0.044551,22.45
87784,7.7285,0.045976,21.75
87785,7.7756,0.047111,21.23
87786,7.8186,0.042956,23.28
87787,7.8640,0.045394,22.03
87788,7.9094,0.045366,22.04
87789,7.9535,0.044065,22.69
87790,7.9988,0.045343,22.05
87791,8.0426,0.043750,22.86
87792,8.0865,0.043947,22.75
87793,8.1306,0.044134,22.66
87794,8.1791,0.048389,20.67
87795,8.2268,0.047781,20.93
87796,8.2729,0.046126,21.68
87797,8.3170,0.044134,22.66
87798,8.3608,0.043732,22.87
87799,8.4066,0.045803,21.83
87800,8.4528,0.046125,21.68
87801,8.4967,0.043926,22.77
87802,8.5420,0.045345,22.05
87803,8.5857,0.043660,22.90
87804,8.6298,0.044157,22.65
87805,8.6736,0.043761,22.85
87806,8.7197,0.046118,21.68
87807,8.7639,0.044183,22.63
87808,8.8079,0.043987,22.73
87809,8.8533,0.045438,22.01
87810,8.8972,0.043881,22.79
87811,8.9431,0.045968,21.75
87812,8.9882,0.045012,22.22
87813,9.0320,0.043789,22.84
87814,9.0763,0.044325,22.56
87815,9.1206,0.044329,22.56
87816,9.1653,0.044723,22.36
87817,9.2096,0.044222,22.61
87818,9.2537,0.044178,22.64
87819,9.2980,0.044267,22.59
87820,9.3419,0.043935,22.76
87821,9.3860,0.044031,22.71
87822,9.4307,0.044745,22.35
87823,9.4772,0.046498,21.51
87824,9.5215,0.044240,22.60
87825,9.5656,0.044114,22.67
87826,9.6094,0.043794,22.83
87827,9.6533,0.044023,22.72
87828,9.6974,0.044024,22.71
87829,9.7410,0.043516,22.98
87830,9.7849,0.044046,22.70
87831,9.8293,0.044367,22.54
87832,9.8767,0.047371,21.11
87833,9.9225,0.045746,21.86
87834,9.9686,0.046130,21.68
