TotalFrame,Time,DeltaTime,FPS
81023,0.0000,0.039070,25.60
81024,0.0000,0.039070,25.60
81025,0.0200,0.020000,50.00
81026,0.0521,0.032105,31.15
81027,0.0878,0.035669,28.04
81028,0.1224,0.034654,28.86
81029,0.1583,0.035812,27.92
81030,0.1931,0.034796,28.74
81031,0.2303,0.037291,26.82
81032,0.2651,0.034746,28.78
81033,0.3033,0.038272,26.13
81034,0.3387,0.035383,28.26
81035,0.3736,0.034878,28.67
81036,0.4096,0.035990,27.79
81037,0.4440,0.034411,29.06
81038,0.4792,0.035227,28.39
81039,0.5143,0.035060,28.52
81040,0.5499,0.035601,28.09
81041,0.5872,0.037220,26.87
81042,0.6219,0.034729,28.79
81043,0.6584,0.036499,27.40
81044,0.6947,0.036342,27.52
81045,0.7280,0.033300,30.03
81046,0.7635,0.035527,28.15
81047,0.8002,0.036613,27.31
81048,0.8353,0.035114,28.48
81049,0.8701,0.034865,28.68
81050,0.9060,0.035886,27.87
81051,0.9384,0.032330,30.93
81052,0.9744,0.036064,27.73
81053,1.0087,0.034315,29.14
81054,1.0438,0.035063,28.52
81055,1.0801,0.036346,27.51
81056,1.1157,0.035517,28.16
81057,1.1504,0.034757,28.77
81058,1.1859,0.035449,28.21
81059,1.2191,0.033288,30.04
81060,1.2543,0.035131,28.47
81061,1.2897,0.035383,28.26
81062,1.3245,0.034863,28.68
81063,1.3595,0.035014,28.56
81064,1.3943,0.034736,28.79
81065,1.4306,0.036352,27.51
81066,1.4665,0.035874,27.88
81067,1.5013,0.034799,28.74
81068,1.5364,0.035087,28.50
81069,1.5716,0.035248,28.37
81070,1.6071,0.035496,28.17
81071,1.6417,0.034627,28.88
81072,1.6773,0.035543,28.13
81073,1.7128,0.035538,28.14
81074,1.7481,0.035302,28.33
81075,1.7830,0.034878,28.67
81076,1.8193,0.036361,27.50
81077,1.8543,0.034950,28.61
81078,1.8890,0.034660,28.85
81079,1.9241,0.035075,28.51
81080,1.9594,0.035358,28.28
81081,1.9941,0.034691,28.83
81082,2.0265,0.032377,30.89
81083,2.0613,0.034882,28.67
81084,2.0964,0.035033,28.54
81085,2.1292,0.032738,30.55
81086,2.1641,0.034987,28.58
81087,2.2001,0.035997,27.78
81088,2.2352,0.035045,28.53
81089,2.2700,0.034855,28.69
81090,2.3060,0.035932,27.83
81091,2.3418,0.035845,27.90
81092,2.3765,0.034685,28.83
81093,2.4131,0.036615,27.31
81094,2.4477,0.034623,28.88
81095,2.4835,0.035795,27.94
81096,2.5161,0.032588,30.69
81097,2.5508,0.034757,28.77
81098,2.5858,0.034928,28.63
81099,2.6208,0.035004,28.57
81100,2.6553,0.034541,28.95
81101,2.6902,0.034892,28.66
81102,2.7269,0.036739,27.22
81103,2.7623,0.035323,28.31
81104,2.7971,0.034856,28.69
81105,2.8329,0.035733,27.99
81106,2.8677,0.034835,28.71
81107,2.9030,0.035318,28.31
81108,2.9376,0.034629,28.88
81109,2.9730,0.035337,28.30
81110,3.0080,0.035003,28.57
81111,3.0428,0.034848,28.70
81112,3.0775,0.034687,28.83
81113,3.1123,0.034756,28.77
81114,3.1484,0.036174,27.64
81115,3.1840,0.035587,28.10
81116,3.2213,0.037245,26.85
81117,3.2582,0.036929,27.08
81118,3.2925,0.034289,29.16
81119,3.3297,0.037140,26.92
81120,3.3663,0.036596,27.33
81121,3.4025,0.036216,27.61
81122,3.4366,0.034104,29.32
81123,3.4716,0.034992,28.58
81124,3.5066,0.035036,28.54
81125,3.5427,0.036061,27.73
81126,3.5776,0.034933,28.63
81127,3.6124,0.034817,28.72
81128,3.6449,0.032475,30.79
81129,3.6810,0.036101,27.70
81130,3.7163,0.035306,28.32
81131,3.7513,0.035021,28.55
81132,3.7864,0.035059,28.52
81133,3.8213,0.034910,28.65
81134,3.8586,0.037364,26.76
81135,3.8932,0.034550,28.94
81136,3.9291,0.035867,27.88
81137,3.9661,0.037013,27.02
81138,4.0027,0.036621,27.31
81139,4.0406,0.037902,26.38
81140,4.0779,0.037382,26.75
81141,4.1135,0.035483,28.18
81142,4.1480,0.034571,28.93
81143,4.1840,0.035989,27.79
81144,4.2220,0.037983,26.33
81145,4.2574,0.035408,28.24
81146,4.2926,0.035219,28.39
81147,4.3282,0.035632,28.06
81148,4.3643,0.036058,27.73
81149,4.4011,0.036726,27.23
81150,4.4355,0.034444,29.03
81151,4.4706,0.035074,28.51
81152,4.5056,0.035047,28.53
81153,4.5408,0.035164,28.44
81154,4.5750,0.034179,29.26
81155,4.6087,0.033789,29.60
81156,4.6446,0.035856,27.89
81157,4.6804,0.035787,27.94
81158,4.7156,0.035251,28.37
81159,4.7504,0.034824,28.72
81160,4.7857,0.035232,28.38
81161,4.8204,0.034677,28.84
81162,4.8577,0.037359,26.77
81163,4.8929,0.035167,28.44
81164,4.9282,0.035356,28.28
81165,4.9642,0.035964,27.81
81166,4.9989,0.034667,28.85
81167,5.0344,0.035486,28.18
81168,5.0694,0.035010,28.56
81169,5.1063,0.036874,27.12
81170,5.1412,0.034912,28.64
81171,5.1769,0.035741,27.98
81172,5.2126,0.035669,28.04
81173,5.2475,0.034915,28.64
81174,5.2833,0.035821,27.92
81175,5.3180,0.034664,28.85
81176,5.3533,0.035398,28.25
81177,5.3886,0.035168,28.43
81178,5.4240,0.035424,28.23
81179,5.4589,0.034895,28.66
81180,5.4935,0.034632,28.88
81181,5.5309,0.037421,26.72
81182,5.5675,0.036589,27.33
81183,5.6022,0.034731,28.79
81184,5.6382,0.035965,27.80
81185,5.6733,0.035171,28.43
81186,5.7097,0.036281,27.56
81187,5.7452,0.035604,28.09
81188,5.7803,0.035110,28.48
81189,5.8165,0.036160,27.66
81190,5.8533,0.036827,27.15
81191,5.8883,0.034970,28.60
81192,5.9238,0.035507,28.16
81193,5.9594,0.035591,28.10
81194,5.9949,0.035481,28.18
81195,6.0297,0.034743,28.78
81196,6.0641,0.034531,28.96
81197,6.1001,0.035937,27.83
81198,6.1348,0.034667,28.85
81199,6.1719,0.037111,26.95
81200,6.2075,0.035610,28.08
81201,6.2422,0.034686,28.83
81202,6.2771,0.034937,28.62
81203,6.3129,0.035837,27.90
81204,6.3478,0.034822,28.72
81205,6.3825,0.034710,28.81
81206,6.4182,0.035664,28.04
81207,6.4540,0.035878,27.87
81208,6.4898,0.035807,27.93
81209,6.5256,0.035742,27.98
81210,6.5605,0.034987,28.58
81211,6.5952,0.034644,28.87
81212,6.6298,0.034619,28.89
81213,6.6644,0.034638,28.87
81214,6.6998,0.035291,28.34
81215,6.7349,0.035103,28.49
81216,6.7720,0.037208,26.88
81217,6.8061,0.034027,29.39
81218,6.8409,0.034879,28.67
81219,6.8760,0.035050,28.53
81220,6.9105,0.034535,28.96
81221,6.9453,0.034790,28.74
81222,6.9810,0.035606,28.08
81223,7.0160,0.035074,28.51
81224,7.0510,0.034940,28.62
81225,7.0856,0.034660,28.85
81226,7.1202,0.034581,28.92
81227,7.1562,0.035957,27.81
81228,7.1908,0.034609,28.89
81229,7.2274,0.036579,27.34
81230,7.2624,0.035069,28.52
81231,7.2985,0.036099,27.70
81232,7.3335,0.034960,28.60
81233,7.3688,0.035313,28.32
81234,7.4047,0.035931,27.83
81235,7.4431,0.038328,26.09
81236,7.4840,0.040970,24.41
81237,7.5200,0.035961,27.81
81238,7.5547,0.034798,28.74
81239,7.5912,0.036435,27.45
81240,7.6244,0.033168,30.15
81241,7.6591,0.034732,28.79
81242,7.6978,0.038696,25.84
81243,7.7326,0.034784,28.75
81244,7.7675,0.034945,28.62
81245,7.8025,0.034964,28.60
81246,7.8372,0.034746,28.78
81247,7.8730,0.035730,27.99
81248,7.9078,0.034833,28.71
81249,7.9438,0.035989,27.79
81250,7.9789,0.035119,28.47
81251,8.0150,0.036077,27.72
81252,8.0501,0.035132,28.46
81253,8.0854,0.035281,28.34
81254,8.1212,0.035780,27.95
81255,8.1579,0.036710,27.24
81256,8.1934,0.035521,28.15
81257,8.2281,0.034723,28.80
81258,8.2626,0.034494,28.99
81259,8.2977,0.035051,28.53
81260,8.3336,0.035873,27.88
81261,8.3691,0.035508,28.16
81262,8.4063,0.037185,26.89
81263,8.4434,0.037093,26.96
81264,8.4811,0.037812,26.45
81265,8.5163,0.035171,28.43
81266,8.5524,0.036095,27.70
81267,8.5889,0.036444,27.44
81268,8.6260,0.037110,26.95
81269,8.6619,0.035955,27.81
81270,8.6985,0.036531,27.37
81271,8.7358,0.037347,26.78
81272,8.7707,0.034885,28.67
81273,8.8076,0.036883,27.11
81274,8.8432,0.035624,28.07
81275,8.8780,0.034812,28.73
81276,8.9139,0.035934,27.83
81277,8.9489,0.034977,28.59
81278,8.9849,0.035969,27.80
81279,9.0219,0.037003,27.02
81280,9.0591,0.037187,26.89
81281,9.0960,0.036908,27.09
81282,9.1308,0.034822,28.72
81283,9.1666,0.035843,27.90
81284,9.2017,0.035008,28.56
81285,9.2390,0.037336,26.78
81286,9.2754,0.036395,27.48
81287,9.3120,0.036611,27.31
81288,9.3467,0.034744,28.78
81289,9.3814,0.034638,28.87
81290,9.4165,0.035102,28.49
81291,9.4531,0.036599,27.32
81292,9.4897,0.036608,27.32
81293,9.5244,0.034721,28.80
81294,9.5593,0.034844,28.70
81295,9.5947,0.035475,28.19
81296,9.6308,0.036068,27.73
81297,9.6663,0.035544,28.13
81298,9.7032,0.036930,27.08
81299,9.7419,0.038673,25.86
81300,9.7784,0.036524,27.38
81301,9.8140,0.035470,28.19
81302,9.8492,0.035224,28.39
81303,9.8851,0.035963,27.81
81304,9.9202,0.035036,28.54
81305,9.9550,0.034826,28.71
81306,9.9894,0.034426,29.05
