TotalFrame,Time,DeltaTime,FPS
64489,0.0000,0.024822,40.29
64490,0.0000,0.024822,40.29
64491,0.0200,0.020000,50.00
64492,0.0401,0.020073,49.82
64493,0.0598,0.019665,50.85
64494,0.0800,0.020184,49.54
64495,0.1024,0.022468,44.51
64496,0.1221,0.019695,50.77
64497,0.1429,0.020809,48.06
64498,0.1627,0.019786,50.54
64499,0.1826,0.019949,50.13
64500,0.2023,0.019672,50.83
64501,0.2223,0.020006,49.99
64502,0.2419,0.019618,50.97
64503,0.2624,0.020467,48.86
64504,0.2818,0.019376,51.61
64505,0.3013,0.019469,51.36
64506,0.3215,0.020306,49.25
64507,0.3431,0.021530,46.45
64508,0.3630,0.019886,50.29
64509,0.3823,0.019360,51.65
64510,0.4019,0.019514,51.24
64511,0.4212,0.019336,51.72
64512,0.4413,0.020088,49.78
64513,0.4620,0.020761,48.17
64514,0.4818,0.019806,50.49
64515,0.5028,0.020961,47.71
64516,0.5281,0.025297,39.53
64517,0.5515,0.023396,42.74
64518,0.5731,0.021556,46.39
64519,0.5972,0.024217,41.29
64520,0.6178,0.020556,48.65
64521,0.6370,0.019121,52.30
64522,0.6570,0.020086,49.78
64523,0.6768,0.019789,50.53
64524,0.6964,0.019587,51.06
64525,0.7163,0.019892,50.27
64526,0.7359,0.019584,51.06
64527,0.7556,0.019738,50.66
64528,0.7750,0.019433,51.46
64529,0.7948,0.019747,50.64
64530,0.8145,0.019647,50.90
64531,0.8345,0.020059,49.85
64532,0.8538,0.019351,51.68
64533,0.8734,0.019501,51.28
64534,0.8928,0.019488,51.31
64535,0.9129,0.020094,49.77
64536,0.9326,0.019664,50.86
64537,0.9521,0.019582,51.07
64538,0.9731,0.020910,47.82
64539,0.9925,0.019419,51.50
64540,1.0124,0.019902,50.25
64541,1.0323,0.019850,50.38
64542,1.0518,0.019579,51.07
64543,1.0715,0.019658,50.87
64544,1.0918,0.020307,49.24
64545,1.1112,0.019421,51.49
64546,1.1309,0.019698,50.77
64547,1.1505,0.019534,51.19
64548,1.1700,0.019550,51.15
64549,1.1896,0.019617,50.98
64550,1.2095,0.019872,50.32
64551,1.2294,0.019913,50.22
64552,1.2489,0.019489,51.31
64553,1.2695,0.020624,48.49
64554,1.2888,0.019290,51.84
64555,1.3082,0.019373,51.62
64556,1.3277,0.019509,51.26
64557,1.3477,0.019994,50.02
64558,1.3681,0.020406,49.01
64559,1.3890,0.020893,47.86
64560,1.4086,0.019603,51.01
64561,1.4280,0.019451,51.41
64562,1.4484,0.020322,49.21
64563,1.4679,0.019533,51.20
64564,1.4887,0.020812,48.05
64565,1.5081,0.019435,51.45
64566,1.5285,0.020378,49.07
64567,1.5489,0.020398,49.03
64568,1.5686,0.019659,50.87
64569,1.5883,0.019707,50.74
64570,1.6078,0.019523,51.22
64571,1.6279,0.020152,49.62
64572,1.6483,0.020307,49.25
64573,1.6680,0.019773,50.57
64574,1.6893,0.021230,47.10
64575,1.7088,0.019540,51.18
64576,1.7302,0.021343,46.85
64577,1.7497,0.019534,51.19
64578,1.7697,0.020027,49.93
64579,1.7903,0.020605,48.53
64580,1.8099,0.019540,51.18
64581,1.8295,0.019663,50.86
64582,1.8488,0.019220,52.03
64583,1.8694,0.020634,48.46
64584,1.8889,0.019570,51.10
64585,1.9088,0.019834,50.42
64586,1.9296,0.020866,47.93
64587,1.9492,0.019569,51.10
64588,1.9688,0.019513,51.25
64589,1.9885,0.019734,50.67
64590,2.0085,0.020007,49.98
64591,2.0294,0.020919,47.80
64592,2.0490,0.019594,51.04
64593,2.0686,0.019658,50.87
64594,2.0891,0.020398,49.02
64595,2.1094,0.020347,49.15
64596,2.1292,0.019862,50.35
64597,2.1510,0.021733,46.01
64598,2.1731,0.022143,45.16
64599,2.1955,0.022382,44.68
64600,2.2184,0.022971,43.53
64601,2.2424,0.023939,41.77
64602,2.2653,0.022829,43.80
64603,2.2891,0.023812,42.00
64604,2.3093,0.020293,49.28
64605,2.3296,0.020229,49.44
64606,2.3503,0.020730,48.24
64607,2.3703,0.019972,50.07
64608,2.3900,0.019706,50.75
64609,2.4103,0.020309,49.24
64610,2.4302,0.019962,50.09
64611,2.4501,0.019842,50.40
64612,2.4702,0.020074,49.82
64613,2.4903,0.020104,49.74
64614,2.5112,0.020944,47.75
64615,2.5309,0.019713,50.73
64616,2.5505,0.019573,51.09
64617,2.5718,0.021338,46.86
64618,2.5930,0.021103,47.39
64619,2.6135,0.020598,48.55
64620,2.6335,0.019927,50.18
64621,2.6545,0.021091,47.41
64622,2.6744,0.019869,50.33
64623,2.6944,0.019947,50.13
64624,2.7141,0.019760,50.61
64625,2.7342,0.020060,49.85
64626,2.7545,0.020266,49.34
64627,2.7745,0.019987,50.03
64628,2.7943,0.019854,50.37
64629,2.8143,0.019970,50.08
64630,2.8341,0.019866,50.34
64631,2.8539,0.019779,50.56
64632,2.8754,0.021465,46.59
64633,2.8968,0.021438,46.65
64634,2.9170,0.020167,49.59
64635,2.9381,0.021134,47.32
64636,2.9580,0.019913,50.22
64637,2.9769,0.018894,52.93
64638,2.9984,0.021478,46.56
64639,3.0199,0.021475,46.57
64640,3.0398,0.019928,50.18
64641,3.0599,0.020059,49.85
64642,3.0803,0.020461,48.87
64643,3.1011,0.020798,48.08
64644,3.1212,0.020089,49.78
64645,3.1411,0.019870,50.33
64646,3.1611,0.019966,50.09
64647,3.1812,0.020166,49.59
64648,3.2010,0.019748,50.64
64649,3.2210,0.020071,49.82
64650,3.2408,0.019748,50.64
64651,3.2609,0.020065,49.84
64652,3.2805,0.019601,51.02
64653,3.3002,0.019808,50.49
64654,3.3203,0.020036,49.91
64655,3.3403,0.019969,50.08
64656,3.3604,0.020116,49.71
64657,3.3792,0.018840,53.08
64658,3.3988,0.019593,51.04
64659,3.4187,0.019911,50.22
64660,3.4384,0.019710,50.74
64661,3.4592,0.020775,48.13
64662,3.4791,0.019862,50.35
64663,3.4988,0.019775,50.57
64664,3.5189,0.020036,49.91
64665,3.5402,0.021332,46.88
64666,3.5599,0.019702,50.76
64667,3.5795,0.019581,51.07
64668,3.6000,0.020565,48.63
64669,3.6198,0.019746,50.64
64670,3.6397,0.019929,50.18
64671,3.6595,0.019817,50.46
64672,3.6787,0.019093,52.38
64673,3.6985,0.019900,50.25
64674,3.7183,0.019776,50.57
64675,3.7381,0.019788,50.54
64676,3.7586,0.020489,48.81
64677,3.7775,0.018902,52.91
64678,3.7982,0.020655,48.41
64679,3.8193,0.021110,47.37
64680,3.8395,0.020296,49.27
64681,3.8591,0.019547,51.16
64682,3.8793,0.020151,49.63
64683,3.8974,0.018129,55.16
64684,3.9174,0.020047,49.88
64685,3.9374,0.020035,49.91
64686,3.9575,0.020059,49.85
64687,3.9771,0.019505,51.27
64688,3.9985,0.021477,46.56
64689,4.0184,0.019917,50.21
64690,4.0387,0.020292,49.28
64691,4.0585,0.019777,50.56
64692,4.0805,0.022004,45.45
64693,4.1030,0.022506,44.43
64694,4.1234,0.020415,48.98
64695,4.1432,0.019765,50.60
64696,4.1643,0.021132,47.32
64697,4.1846,0.020290,49.29
64698,4.2049,0.020266,49.34
64699,4.2266,0.021731,46.02
64700,4.2466,0.019973,50.07
64701,4.2664,0.019873,50.32
64702,4.2877,0.021222,47.12
64703,4.3087,0.020992,47.64
64704,4.3286,0.019966,50.09
64705,4.3494,0.020719,48.27
64706,4.3700,0.020653,48.42
64707,4.3903,0.020253,49.37
64708,4.4110,0.020783,48.12
64709,4.4323,0.021252,47.05
64710,4.4523,0.019959,50.10
64711,4.4735,0.021176,47.22
64712,4.4927,0.019334,51.72
64713,4.5125,0.019743,50.65
64714,4.5319,0.019420,51.49
64715,4.5516,0.019705,50.75
64716,4.5714,0.019782,50.55
64717,4.5925,0.021119,47.35
64718,4.6124,0.019913,50.22
64719,4.6320,0.019588,51.05
64720,4.6518,0.019760,50.61
64721,4.6732,0.021391,46.75
64722,4.6945,0.021263,47.03
64723,4.7145,0.020040,49.90
64724,4.7349,0.020428,48.95
64725,4.7551,0.020164,49.59
64726,4.7748,0.019719,50.71
64727,4.7944,0.019625,50.96
64728,4.8163,0.021890,45.68
64729,4.8376,0.021299,46.95
64730,4.8577,0.020125,49.69
64731,4.8780,0.020237,49.41
64732,4.8979,0.019950,50.13
64733,4.9174,0.019486,51.32
64734,4.9393,0.021943,45.57
64735,4.9595,0.020142,49.65
64736,4.9801,0.020618,48.50
64737,5.0001,0.019970,50.08
64738,5.0200,0.019886,50.29
64739,5.0396,0.019683,50.80
64740,5.0592,0.019579,51.08
64741,5.0791,0.019856,50.36
64742,5.0990,0.019931,50.17
64743,5.1187,0.019710,50.74
64744,5.1384,0.019733,50.68
64745,5.1588,0.020299,49.26
64746,5.1796,0.020839,47.99
64747,5.1996,0.020030,49.93
64748,5.2197,0.020135,49.67
64749,5.2396,0.019897,50.26
64750,5.2595,0.019894,50.27
64751,5.2796,0.020040,49.90
64752,5.2993,0.019705,50.75
64753,5.3200,0.020748,48.20
64754,5.3400,0.019944,50.14
64755,5.3615,0.021525,46.46
64756,5.3823,0.020792,48.10
64757,5.4027,0.020396,49.03
64758,5.4221,0.019372,51.62
64759,5.4419,0.019844,50.39
64760,5.4617,0.019742,50.65
64761,5.4833,0.021614,46.27
64762,5.5032,0.019893,50.27
64763,5.5244,0.021199,47.17
64764,5.5448,0.020471,48.85
64765,5.5666,0.021763,45.95
64766,5.5881,0.021558,46.39
64767,5.6091,0.020999,47.62
64768,5.6326,0.023495,42.56
64769,5.6534,0.020719,48.27
64770,5.6736,0.020251,49.38
64771,5.6937,0.020074,49.82
64772,5.7132,0.019542,51.17
64773,5.7327,0.019513,51.25
64774,5.7526,0.019891,50.27
64775,5.7725,0.019895,50.26
64776,5.7920,0.019475,51.35
64777,5.8128,0.020783,48.12
64778,5.8323,0.019470,51.36
64779,5.8505,0.018287,54.68
64780,5.8703,0.019750,50.63
64781,5.8913,0.021008,47.60
64782,5.9111,0.019823,50.45
64783,5.9308,0.019665,50.85
64784,5.9512,0.020387,49.05
64785,5.9698,0.018656,53.60
64786,5.9896,0.019750,50.63
64787,6.0104,0.020883,47.89
64788,6.0306,0.020158,49.61
64789,6.0511,0.020534,48.70
64790,6.0710,0.019907,50.23
64791,6.0910,0.019930,50.18
64792,6.1112,0.020224,49.45
64793,6.1312,0.019939,50.15
64794,6.1509,0.019778,50.56
64795,6.1709,0.019977,50.06
64796,6.1918,0.020867,47.92
64797,6.2129,0.021115,47.36
64798,6.2343,0.021399,46.73
64799,6.2546,0.020370,49.09
64800,6.2750,0.020281,49.31
64801,6.2947,0.019784,50.54
64802,6.3151,0.020397,49.03
64803,6.3347,0.019584,51.06
64804,6.3546,0.019861,50.35
64805,6.3746,0.020016,49.96
64806,6.3948,0.020236,49.42
64807,6.4149,0.020064,49.84
64808,6.4344,0.019588,51.05
64809,6.4542,0.019703,50.75
64810,6.4738,0.019562,51.12
64811,6.4936,0.019864,50.34
64812,6.5137,0.020155,49.62
64813,6.5353,0.021559,46.38
64814,6.5552,0.019844,50.39
64815,6.5748,0.019602,51.01
64816,6.5950,0.020192,49.52
64817,6.6146,0.019636,50.93
64818,6.6350,0.020419,48.97
64819,6.6548,0.019760,50.61
64820,6.6744,0.019655,50.88
64821,6.6943,0.019942,50.15
64822,6.7144,0.020045,49.89
64823,6.7352,0.020769,48.15
64824,6.7556,0.020379,49.07
64825,6.7753,0.019712,50.73
64826,6.7949,0.019612,50.99
64827,6.8149,0.020093,49.77
64828,6.8348,0.019837,50.41
64829,6.8543,0.019482,51.33
64830,6.8740,0.019669,50.84
64831,6.8938,0.019822,50.45
64832,6.9152,0.021454,46.61
64833,6.9350,0.019788,50.54
64834,6.9553,0.020273,49.33
64835,6.9749,0.019644,50.91
64836,6.9949,0.019936,50.16
64837,7.0146,0.019772,50.58
64838,7.0352,0.020593,48.56
64839,7.0551,0.019901,50.25
64840,7.0754,0.020217,49.46
64841,7.0967,0.021403,46.72
64842,7.1170,0.020275,49.32
64843,7.1368,0.019779,50.56
64844,7.1570,0.020183,49.55
64845,7.1768,0.019740,50.66
64846,7.1967,0.020002,50.00
64847,7.2164,0.019721,50.71
64848,7.2364,0.019923,50.19
64849,7.2574,0.021002,47.61
64850,7.2775,0.020055,49.86
64851,7.2970,0.019559,51.13
64852,7.3167,0.019715,50.72
64853,7.3365,0.019834,50.42
64854,7.3561,0.019602,51.02
64855,7.3762,0.020008,49.98
64856,7.3943,0.018201,54.94
64857,7.4151,0.020756,48.18
64858,7.4347,0.019552,51.15
64859,7.4544,0.019762,50.60
64860,7.4741,0.019619,50.97
64861,7.4938,0.019779,50.56
64862,7.5134,0.019526,51.21
64863,7.5339,0.020611,48.52
64864,7.5535,0.019550,51.15
64865,7.5745,0.020984,47.66
64866,7.5936,0.019073,52.43
64867,7.6143,0.020774,48.14
64868,7.6338,0.019435,51.45
64869,7.6533,0.019557,51.13
64870,7.6746,0.021229,47.11
64871,7.6943,0.019760,50.61
64872,7.7142,0.019819,50.46
64873,7.7339,0.019817,50.46
64874,7.7535,0.019591,51.04
64875,7.7734,0.019867,50.34
64876,7.7936,0.020197,49.51
64877,7.8134,0.019776,50.57
64878,7.8330,0.019641,50.91
64879,7.8530,0.019947,50.13
64880,7.8725,0.019543,51.17
64881,7.8925,0.019948,50.13
64882,7.9128,0.020293,49.28
64883,7.9348,0.022080,45.29
64884,7.9550,0.020098,49.76
64885,7.9765,0.021546,46.41
64886,7.9977,0.021197,47.18
64887,8.0172,0.019552,51.14
64888,8.0383,0.021058,47.49
64889,8.0583,0.019976,50.06
64890,8.0800,0.021715,46.05
64891,8.1001,0.020141,49.65
64892,8.1198,0.019629,50.95
64893,8.1398,0.020001,50.00
64894,8.1613,0.021537,46.43
64895,8.1816,0.020284,49.30
64896,8.2017,0.020145,49.64
64897,8.2224,0.020664,48.39
64898,8.2434,0.021038,47.53
64899,8.2647,0.021271,47.01
64900,8.2844,0.019674,50.83
64901,8.3039,0.019528,51.21
64902,8.3237,0.019751,50.63
64903,8.3434,0.019759,50.61
64904,8.3631,0.019724,50.70
64905,8.3839,0.020805,48.06
64906,8.4044,0.020476,48.84
64907,8.4254,0.020965,47.70
64908,8.4451,0.019751,50.63
64909,8.4647,0.019525,51.22
64910,8.4849,0.020261,49.36
64911,8.5048,0.019890,50.28
64912,8.5245,0.019651,50.89
64913,8.5456,0.021155,47.27
64914,8.5656,0.020004,49.99
64915,8.5865,0.020845,47.97
64916,8.6061,0.019653,50.88
64917,8.6259,0.019737,50.67
64918,8.6459,0.020071,49.82
64919,8.6658,0.019870,50.33
64920,8.6854,0.019642,50.91
64921,8.7049,0.019449,51.42
64922,8.7250,0.020149,49.63
64923,8.7449,0.019820,50.46
64924,8.7650,0.020090,49.78
64925,8.7847,0.019745,50.65
64926,8.8043,0.019590,51.05
64927,8.8249,0.020622,48.49
64928,8.8447,0.019773,50.57
64929,8.8645,0.019831,50.43
64930,8.8843,0.019813,50.47
64931,8.9039,0.019532,51.20
64932,8.9250,0.021147,47.29
64933,8.9446,0.019654,50.88
64934,8.9651,0.020508,48.76
64935,8.9852,0.020100,49.75
64936,9.0045,0.019233,51.99
64937,9.0242,0.019736,50.67
64938,9.0439,0.019649,50.89
64939,9.0637,0.019798,50.51
64940,9.0836,0.019928,50.18
64941,9.1055,0.021889,45.68
64942,9.1256,0.020152,49.62
64943,9.1454,0.019786,50.54
64944,9.1652,0.019786,50.54
64945,9.1855,0.020266,49.34
64946,9.2053,0.019812,50.48
64947,9.2250,0.019703,50.75
64948,9.2455,0.020471,48.85
64949,9.2651,0.019697,50.77
64950,9.2853,0.020207,49.49
64951,9.3058,0.020453,48.89
64952,9.3264,0.020597,48.55
64953,9.3459,0.019550,51.15
64954,9.3658,0.019793,50.52
64955,9.3853,0.019584,51.06
64956,9.4053,0.019961,50.10
64957,9.4256,0.020286,49.29
64958,9.4451,0.019526,51.21
64959,9.4656,0.020500,48.78
64960,9.4854,0.019730,50.68
64961,9.5051,0.019733,50.68
64962,9.5246,0.019517,51.24
64963,9.5443,0.019655,50.88
64964,9.5654,0.021112,47.37
64965,9.5850,0.019685,50.80
64966,9.6055,0.020414,48.99
64967,9.6252,0.019792,50.53
64968,9.6459,0.020690,48.33
64969,9.6660,0.020061,49.85
64970,9.6857,0.019677,50.82
64971,9.7054,0.019736,50.67
64972,9.7251,0.019668,50.84
64973,9.7446,0.019574,51.09
64974,9.7659,0.021217,47.13
64975,9.7863,0.020359,49.12
64976,9.8073,0.021076,47.45
64977,9.8275,0.020116,49.71
64978,9.8472,0.019726,50.70
64979,9.8668,0.019631,50.94
64980,9.8865,0.019749,50.64
64981,9.9062,0.019685,50.80
64982,9.9275,0.021270,47.02
64983,9.9487,0.021232,47.10
64984,9.9696,0.020876,47.90
64985,9.9895,0.019885,50.29
