TotalFrame,Time,DeltaTime,FPS
93674,0.0000,0.058217,17.18
93675,0.0000,0.058217,17.18
93676,0.0199,0.020000,50.00
93677,0.0778,0.057843,17.29
93678,0.1372,0.059435,16.83
93679,0.1946,0.057313,17.45
93680,0.2531,0.058548,17.08
93681,0.3112,0.058069,17.22
93682,0.3663,0.055203,18.11
93683,0.4238,0.057455,17.40
93684,0.4760,0.052158,19.17
93685,0.5319,0.055850,17.91
93686,0.5894,0.057570,17.37
93687,0.6453,0.055905,17.89
93688,0.6968,0.051525,19.41
93689,0.7601,0.063338,15.79
93690,0.8141,0.053879,18.56
93691,0.8685,0.054459,18.36
93692,0.9237,0.055242,18.10
93693,0.9786,0.054919,18.21
93694,1.0334,0.054836,18.24
93695,1.0894,0.055869,17.90
93696,1.1459,0.056500,17.70
93697,1.2011,0.055170,18.13
93698,1.2562,0.055188,18.12
93699,1.3120,0.055765,17.93
93700,1.3689,0.056967,17.55
93701,1.4249,0.055965,17.87
93702,1.4816,0.056641,17.66
93703,1.5363,0.054702,18.28
93704,1.5942,0.058014,17.24
93705,1.6497,0.055445,18.04
93706,1.7045,0.054775,18.26
93707,1.7610,0.056551,17.68
93708,1.8180,0.056902,17.57
93709,1.8746,0.056637,17.66
93710,1.9310,0.056447,17.72
93711,1.9875,0.056550,17.68
93712,2.0460,0.058463,17.10
93713,2.1041,0.058139,17.20
93714,2.1575,0.053251,18.78
93715,2.2140,0.056516,17.69
93716,2.2710,0.057039,17.53
93717,2.3268,0.055791,17.92
93718,2.3818,0.055115,18.14
93719,2.4392,0.057371,17.43
93720,2.4976,0.058293,17.15
93721,2.5535,0.055910,17.89
93722,2.6105,0.057026,17.54
93723,2.6677,0.057237,17.47
93724,2.7240,0.056277,17.77
93725,2.7792,0.055163,18.13
93726,2.8348,0.055677,17.96
93727,2.8921,0.057222,17.48
93728,2.9493,0.057268,17.46
93729,3.0056,0.056267,17.77
93730,3.0624,0.056800,17.61
93731,3.1199,0.057513,17.39
93732,3.1755,0.055600,17.99
93733,3.2310,0.055474,18.03
93734,3.2863,0.055265,18.09
93735,3.3416,0.055306,18.08
93736,3.4008,0.059153,16.91
93737,3.4581,0.057376,17.43
93738,3.5149,0.056855,17.59
93739,3.5737,0.058751,17.02
93740,3.6296,0.055897,17.89
93741,3.6853,0.055657,17.97
93742,3.7411,0.055859,17.90
93743,3.7961,0.055028,18.17
93744,3.8539,0.057793,17.30
93745,3.9144,0.060453,16.54
93746,3.9689,0.054516,18.34
93747,4.0243,0.055355,18.07
93748,4.0785,0.054208,18.45
93749,4.1338,0.055321,18.08
93750,4.1904,0.056702,17.64
93751,4.2463,0.055843,17.91
93752,4.3053,0.058935,16.97
93753,4.3611,0.055840,17.91
93754,4.4186,0.057462,17.40
93755,4.4762,0.057667,17.34
93756,4.5336,0.057363,17.43
93757,4.5885,0.054963,18.19
93758,4.6404,0.051806,19.30
93759,4.6969,0.056482,17.70
93760,4.7499,0.053072,18.84
93761,4.8052,0.055267,18.09
93762,4.8605,0.055260,18.10
93763,4.9175,0.056986,17.55
93764,4.9733,0.055787,17.93
93765,5.0286,0.055381,18.06
93766,5.0863,0.057666,17.34
93767,5.1447,0.058334,17.14
93768,5.2013,0.056697,17.64
93769,5.2571,0.055750,17.94
93770,5.3119,0.054849,18.23
93771,5.3674,0.055499,18.02
93772,5.4219,0.054543,18.33
93773,5.4771,0.055131,18.14
93774,5.5327,0.055648,17.97
93775,5.5885,0.055841,17.91
93776,5.6439,0.055396,18.05
93777,5.7030,0.059006,16.95
93778,5.7611,0.058168,17.19
93779,5.8174,0.056296,17.76
93780,5.8724,0.054975,18.19
93781,5.9246,0.052137,19.18
93782,5.9812,0.056627,17.66
93783,6.0375,0.056349,17.75
93784,6.0945,0.056979,17.55
93785,6.1494,0.054963,18.19
93786,6.2050,0.055478,18.03
93787,6.2638,0.058906,16.98
93788,6.3186,0.054798,18.25
93789,6.3770,0.058310,17.15
93790,6.4327,0.055785,17.93
93791,6.4888,0.056041,17.84
93792,6.5452,0.056458,17.71
93793,6.6003,0.055128,18.14
93794,6.6576,0.057228,17.47
93795,6.7166,0.058971,16.96
93796,6.7728,0.056287,17.77
93797,6.8306,0.057779,17.31
93798,6.8879,0.057368,17.43
93799,6.9393,0.051389,19.46
93800,6.9945,0.055162,18.13
93801,7.0516,0.057096,17.51
93802,7.1055,0.053829,18.58
93803,7.1591,0.053575,18.67
93804,7.2146,0.055556,18.00
93805,7.2697,0.055056,18.16
93806,7.3245,0.054835,18.24
93807,7.3795,0.055083,18.15
93808,7.4348,0.055307,18.08
93809,7.4900,0.055171,18.13
93810,7.5458,0.055685,17.96
93811,7.6018,0.056057,17.84
93812,7.6583,0.056530,17.69
93813,7.7139,0.055571,18.00
93814,7.7694,0.055545,18.00
93815,7.8256,0.056165,17.80
93816,7.8811,0.055529,18.01
93817,7.9341,0.052937,18.89
93818,7.9905,0.056399,17.73
93819,8.0455,0.055114,18.14
93820,8.1005,0.054887,18.22
93821,8.1588,0.058293,17.15
93822,8.2131,0.054424,18.37
93823,8.2688,0.055591,17.99
93824,8.3239,0.055032,18.17
93825,8.3805,0.056659,17.65
93826,8.4359,0.055430,18.04
93827,8.4927,0.056810,17.60
93828,8.5477,0.055000,18.18
93829,8.6029,0.055190,18.12
93830,8.6553,0.052418,19.08
93831,8.7136,0.058368,17.13
93832,8.7716,0.057981,17.25
93833,8.8269,0.055305,18.08
93834,8.8820,0.055024,18.17
93835,8.9343,0.052312,19.12
93836,8.9928,0.058437,17.11
93837,9.0483,0.055600,17.99
93838,9.1031,0.054795,18.25
93839,9.1594,0.056247,17.78
93840,9.2167,0.057278,17.46
93841,9.2719,0.055192,18.12
93842,9.3302,0.058301,17.15
93843,9.3854,0.055187,18.12
93844,9.4419,0.056520,17.69
93845,9.4976,0.055655,17.97
93846,9.5535,0.056001,17.86
93847,9.6085,0.054978,18.19
93848,9.6642,0.055684,17.96
93849,9.7196,0.055436,18.04
93850,9.7764,0.056796,17.61
93851,9.8322,0.055706,17.95
93852,9.8871,0.054967,18.19
93853,9.9440,0.056842,17.59
93854,9.9998,0.055787,17.93
