TotalFrame,Time,DeltaTime,FPS
26885,0.0000,0.049548,20.18
26886,0.0000,0.049548,20.18
26887,0.0200,0.020000,50.00
26888,0.0273,0.007336,136.32
26889,0.0346,0.007294,137.10
26890,0.0822,0.047551,21.03
26891,0.1326,0.050401,19.84
26892,0.1827,0.050147,19.94
26893,0.2331,0.050407,19.84
26894,0.2833,0.050168,19.93
26895,0.3335,0.050238,19.91
26896,0.3838,0.050299,19.88
26897,0.4341,0.050321,19.87
26898,0.4844,0.050251,19.90
26899,0.5340,0.049548,20.18
26900,0.5848,0.050897,19.65
26901,0.6342,0.049412,20.24
26902,0.6845,0.050232,19.91
26903,0.7347,0.050188,19.93
26904,0.7863,0.051627,19.37
26905,0.8363,0.049955,20.02
26906,0.8862,0.049938,20.02
26907,0.9367,0.050461,19.82
26908,0.9870,0.050319,19.87
26909,1.0375,0.050495,19.80
26910,1.0878,0.050337,19.87
26911,1.1374,0.049589,20.17
26912,1.1880,0.050656,19.74
26913,1.2381,0.050059,19.98
26914,1.2884,0.050259,19.90
26915,1.3386,0.050180,19.93
26916,1.3888,0.050233,19.91
26917,1.4390,0.050239,19.90
26918,1.4891,0.050034,19.99
26919,1.5391,0.050074,19.97
26920,1.5897,0.050533,19.79
26921,1.6394,0.049701,20.12
26922,1.6899,0.050569,19.77
26923,1.7398,0.049840,20.06
26924,1.7908,0.050997,19.61
26925,1.8407,0.049951,20.02
26926,1.8907,0.049996,20.00
26927,1.9409,0.050182,19.93
26928,1.9910,0.050079,19.97
26929,2.0413,0.050275,19.89
26930,2.0919,0.050692,19.73
26931,2.1414,0.049488,20.21
26932,2.1920,0.050562,19.78
26933,2.2427,0.050677,19.73
26934,2.2923,0.049597,20.16
26935,2.3427,0.050423,19.83
26936,2.3924,0.049677,20.13
26937,2.4434,0.051059,19.59
26938,2.4929,0.049488,20.21
26939,2.5431,0.050201,19.92
26940,2.5943,0.051179,19.54
26941,2.6439,0.049587,20.17
26942,2.6940,0.050115,19.95
26943,2.7441,0.050127,19.95
26944,2.7946,0.050427,19.83
26945,2.8445,0.049917,20.03
26946,2.8966,0.052134,19.18
26947,2.9455,0.048849,20.47
26948,2.9952,0.049719,20.11
26949,3.0455,0.050280,19.89
26950,3.0956,0.050146,19.94
26951,3.1458,0.050210,19.92
26952,3.1957,0.049909,20.04
26953,3.2467,0.051020,19.60
26954,3.2963,0.049593,20.16
26955,3.3465,0.050130,19.95
26956,3.3970,0.050534,19.79
26957,3.4479,0.050868,19.66
26958,3.4976,0.049756,20.10
26959,3.5476,0.049995,20.00
26960,3.5981,0.050452,19.82
26961,3.6481,0.050001,20.00
26962,3.6997,0.051648,19.36
26963,3.7481,0.048399,20.66
26964,3.7983,0.050211,19.92
26965,3.8486,0.050274,19.89
26966,3.8987,0.050060,19.98
26967,3.9490,0.050358,19.86
26968,3.9995,0.050442,19.82
26969,4.0496,0.050104,19.96
26970,4.1014,0.051823,19.30
26971,4.1495,0.048143,20.77
26972,4.1999,0.050325,19.87
26973,4.2502,0.050355,19.86
26974,4.3009,0.050707,19.72
26975,4.3505,0.049621,20.15
26976,4.4012,0.050645,19.75
26977,4.4511,0.049952,20.02
26978,4.5031,0.051978,19.24
26979,4.5511,0.048004,20.83
26980,4.6016,0.050438,19.83
26981,4.6518,0.050278,19.89
26982,4.7020,0.050182,19.93
26983,4.7519,0.049882,20.05
26984,4.8022,0.050251,19.90
26985,4.8523,0.050103,19.96
26986,4.9025,0.050233,19.91
26987,4.9526,0.050121,19.95
26988,5.0028,0.050158,19.94
26989,5.0532,0.050411,19.84
26990,5.1038,0.050650,19.74
26991,5.1536,0.049730,20.11
26992,5.2038,0.050237,19.91
26993,5.2542,0.050381,19.85
26994,5.3044,0.050205,19.92
26995,5.3550,0.050613,19.76
26996,5.4048,0.049849,20.06
26997,5.4551,0.050253,19.90
26998,5.5048,0.049744,20.10
26999,5.5569,0.052114,19.19
27000,5.6055,0.048505,20.62
27001,5.6554,0.049972,20.01
27002,5.7058,0.050321,19.87
27003,5.7563,0.050526,19.79
27004,5.8058,0.049561,20.18
27005,5.8566,0.050749,19.70
27006,5.9068,0.050172,19.93
27007,5.9566,0.049878,20.05
27008,6.0067,0.050038,19.98
27009,6.0572,0.050510,19.80
27010,6.1072,0.050063,19.97
27011,6.1576,0.050370,19.85
27012,6.2076,0.049984,20.01
27013,6.2582,0.050618,19.76
27014,6.3084,0.050198,19.92
27015,6.3587,0.050298,19.88
27016,6.4086,0.049852,20.06
27017,6.4593,0.050687,19.73
27018,6.5093,0.050051,19.98
27019,6.5590,0.049650,20.14
27020,6.6096,0.050601,19.76
27021,6.6599,0.050348,19.86
27022,6.7099,0.050022,19.99
27023,6.7602,0.050276,19.89
27024,6.8106,0.050396,19.84
27025,6.8602,0.049567,20.17
27026,6.9105,0.050299,19.88
27027,6.9610,0.050570,19.77
27028,7.0113,0.050295,19.88
27029,7.0613,0.050017,19.99
27030,7.1116,0.050292,19.88
27031,7.1617,0.050022,19.99
27032,7.2119,0.050193,19.92
27033,7.2617,0.049857,20.06
27034,7.3122,0.050471,19.81
27035,7.3624,0.050202,19.92
27036,7.4129,0.050501,19.80
27037,7.4631,0.050211,19.92
27038,7.5129,0.049818,20.07
27039,7.5639,0.051028,19.60
27040,7.6139,0.049987,20.01
27041,7.6637,0.049812,20.08
27042,7.7142,0.050421,19.83
27043,7.7638,0.049666,20.13
27044,7.8142,0.050411,19.84
27045,7.8643,0.050063,19.98
27046,7.9148,0.050528,19.79
27047,7.9645,0.049648,20.14
27048,8.0148,0.050355,19.86
27049,8.0652,0.050424,19.83
27050,8.1154,0.050105,19.96
27051,8.1657,0.050378,19.85
27052,8.2155,0.049744,20.10
27053,8.2658,0.050352,19.86
27054,8.3165,0.050666,19.74
27055,8.3667,0.050171,19.93
27056,8.4168,0.050168,19.93
27057,8.4676,0.050780,19.69
27058,8.5171,0.049510,20.20
27059,8.5676,0.050461,19.82
27060,8.6174,0.049795,20.08
27061,8.6679,0.050548,19.78
27062,8.7182,0.050310,19.88
27063,8.7679,0.049606,20.16
27064,8.8180,0.050160,19.94
27065,8.8683,0.050270,19.89
27066,8.9184,0.050117,19.95
27067,8.9688,0.050447,19.82
27068,9.0189,0.050045,19.98
27069,9.0692,0.050279,19.89
27070,9.1195,0.050364,19.86
27071,9.1702,0.050683,19.73
27072,9.2198,0.049617,20.15
27073,9.2701,0.050325,19.87
27074,9.3205,0.050348,19.86
27075,9.3722,0.051690,19.35
27076,9.4207,0.048533,20.60
27077,9.4712,0.050496,19.80
27078,9.5213,0.050046,19.98
27079,9.5714,0.050189,19.92
27080,9.6219,0.050432,19.83
27081,9.6716,0.049727,20.11
27082,9.7218,0.050209,19.92
27083,9.7723,0.050470,19.81
27084,9.8227,0.050426,19.83
27085,9.8728,0.050128,19.95
27086,9.9227,0.049816,20.07
27087,9.9732,0.050540,19.79
