TotalFrame,Time,DeltaTime,FPS
18704,0.0000,0.019074,52.43
18705,0.0000,0.019074,52.43
18706,0.0200,0.020000,50.00
18707,0.0249,0.004858,205.85
18708,0.0295,0.004678,213.77
18709,0.0511,0.021529,46.45
18710,0.0717,0.020614,48.51
18711,0.0919,0.020205,49.49
18712,0.1117,0.019835,50.42
18713,0.1316,0.019893,50.27
18714,0.1519,0.020242,49.40
18715,0.1717,0.019808,50.48
18716,0.1919,0.020213,49.47
18717,0.2117,0.019858,50.36
18718,0.2320,0.020289,49.29
18719,0.2523,0.020333,49.18
18720,0.2722,0.019854,50.37
18721,0.2920,0.019780,50.56
18722,0.3123,0.020314,49.23
18723,0.3323,0.019966,50.08
18724,0.3524,0.020093,49.77
18725,0.3732,0.020796,48.09
18726,0.3924,0.019263,51.91
18727,0.4125,0.020044,49.89
18728,0.4324,0.019977,50.06
18729,0.4525,0.020008,49.98
18730,0.4724,0.019919,50.20
18731,0.4930,0.020592,48.56
18732,0.5127,0.019727,50.69
18733,0.5330,0.020346,49.15
18734,0.5530,0.020004,49.99
18735,0.5729,0.019897,50.26
18736,0.5928,0.019889,50.28
18737,0.6129,0.020107,49.73
18738,0.6329,0.019990,50.02
18739,0.6529,0.020011,49.97
18740,0.6731,0.020131,49.68
18741,0.6931,0.020077,49.81
18742,0.7131,0.019954,50.12
18743,0.7330,0.019962,50.09
18744,0.7529,0.019877,50.31
18745,0.7729,0.019932,50.17
18746,0.7932,0.020357,49.12
18747,0.8140,0.020757,48.18
18748,0.8342,0.020224,49.45
18749,0.8540,0.019778,50.56
18750,0.8743,0.020298,49.27
18751,0.8942,0.019945,50.14
18752,0.9142,0.019974,50.07
18753,0.9344,0.020250,49.38
18754,0.9543,0.019894,50.27
18755,0.9746,0.020276,49.32
18756,0.9942,0.019640,50.92
18757,1.0145,0.020265,49.35
18758,1.0347,0.020158,49.61
18759,1.0545,0.019821,50.45
18760,1.0746,0.020068,49.83
18761,1.0946,0.020040,49.90
18762,1.1147,0.020124,49.69
18763,1.1348,0.020111,49.72
18764,1.1548,0.019977,50.06
18765,1.1749,0.020115,49.71
18766,1.1948,0.019835,50.42
18767,1.2149,0.020117,49.71
18768,1.2349,0.020031,49.92
18769,1.2550,0.020121,49.70
18770,1.2747,0.019696,50.77
18771,1.2950,0.020251,49.38
18772,1.3151,0.020113,49.72
18773,1.3350,0.019895,50.26
18774,1.3550,0.020021,49.95
18775,1.3749,0.019931,50.17
18776,1.3961,0.021149,47.28
18777,1.4151,0.019036,52.53
18778,1.4351,0.019942,50.15
18779,1.4554,0.020298,49.27
18780,1.4753,0.019885,50.29
18781,1.4952,0.019968,50.08
18782,1.5153,0.020118,49.71
18783,1.5355,0.020131,49.67
18784,1.5554,0.019894,50.27
18785,1.5756,0.020218,49.46
18786,1.5954,0.019853,50.37
18787,1.6157,0.020274,49.32
18788,1.6357,0.019956,50.11
18789,1.6555,0.019834,50.42
18790,1.6764,0.020938,47.76
18791,1.6956,0.019196,52.10
18792,1.7156,0.019993,50.02
18793,1.7357,0.020104,49.74
18794,1.7561,0.020364,49.11
18795,1.7758,0.019663,50.86
18796,1.7968,0.021025,47.56
18797,1.8156,0.018820,53.14
18798,1.8357,0.020059,49.85
18799,1.8560,0.020311,49.23
18800,1.8759,0.019952,50.12
18801,1.8960,0.020101,49.75
18802,1.9163,0.020312,49.23
18803,1.9362,0.019849,50.38
18804,1.9561,0.019895,50.26
18805,1.9760,0.019907,50.23
18806,1.9961,0.020099,49.75
18807,2.0159,0.019842,50.40
18808,2.0363,0.020330,49.19
18809,2.0563,0.020034,49.91
18810,2.0761,0.019753,50.63
18811,2.0963,0.020287,49.29
18812,2.1163,0.019939,50.15
18813,2.1363,0.020012,49.97
18814,2.1564,0.020119,49.71
18815,2.1763,0.019952,50.12
18816,2.1962,0.019820,50.45
18817,2.2164,0.020175,49.57
18818,2.2364,0.020078,49.81
18819,2.2565,0.020089,49.78
18820,2.2765,0.019982,50.05
18821,2.2966,0.020094,49.77
18822,2.3165,0.019912,50.22
18823,2.3367,0.020146,49.64
18824,2.3566,0.019941,50.15
18825,2.3768,0.020211,49.48
18826,2.3967,0.019877,50.31
18827,2.4168,0.020131,49.68
18828,2.4367,0.019912,50.22
18829,2.4565,0.019781,50.55
18830,2.4767,0.020189,49.53
18831,2.4969,0.020192,49.53
18832,2.5167,0.019862,50.35
18833,2.5371,0.020314,49.23
18834,2.5571,0.020075,49.81
18835,2.5770,0.019847,50.39
18836,2.5972,0.020271,49.33
18837,2.6170,0.019777,50.56
18838,2.6371,0.020047,49.88
18839,2.6569,0.019840,50.40
18840,2.6771,0.020196,49.51
18841,2.6972,0.020066,49.84
18842,2.7176,0.020441,48.92
18843,2.7376,0.020026,49.94
18844,2.7577,0.020077,49.81
18845,2.7777,0.019941,50.15
18846,2.7976,0.019946,50.13
18847,2.8178,0.020167,49.58
18848,2.8379,0.020127,49.69
18849,2.8578,0.019957,50.11
18850,2.8778,0.019988,50.03
18851,2.8980,0.020199,49.51
18852,2.9177,0.019698,50.77
18853,2.9380,0.020274,49.32
18854,2.9579,0.019936,50.16
18855,2.9779,0.019934,50.17
18856,2.9978,0.019917,50.21
18857,3.0180,0.020173,49.57
18858,3.0381,0.020132,49.67
18859,3.0581,0.020006,49.99
18860,3.0780,0.019921,50.20
18861,3.0979,0.019826,50.44
18862,3.1180,0.020171,49.58
18863,3.1380,0.019944,50.14
18864,3.1579,0.019961,50.10
18865,3.1782,0.020266,49.34
18866,3.1982,0.020018,49.96
18867,3.2180,0.019747,50.64
18868,3.2385,0.020523,48.73
18869,3.2583,0.019781,50.55
18870,3.2782,0.019954,50.12
18871,3.2982,0.019997,50.01
18872,3.3184,0.020166,49.59
18873,3.3380,0.019658,50.87
18874,3.3584,0.020373,49.09
18875,3.3785,0.020101,49.75
18876,3.3985,0.020023,49.94
18877,3.4185,0.019913,50.22
18878,3.4386,0.020142,49.65
18879,3.4586,0.019954,50.12
18880,3.4788,0.020226,49.44
18881,3.4988,0.020027,49.93
18882,3.5190,0.020153,49.62
18883,3.5390,0.020084,49.79
18884,3.5592,0.020120,49.70
18885,3.5789,0.019730,50.69
18886,3.5992,0.020308,49.24
18887,3.6191,0.019937,50.16
18888,3.6392,0.020046,49.89
18889,3.6592,0.019984,50.04
18890,3.6793,0.020126,49.69
18891,3.6993,0.020024,49.94
18892,3.7192,0.019914,50.22
18893,3.7393,0.020089,49.78
18894,3.7593,0.019989,50.03
18895,3.7792,0.019861,50.35
18896,3.7993,0.020122,49.70
18897,3.8193,0.019991,50.02
18898,3.8392,0.019938,50.16
18899,3.8597,0.020509,48.76
18900,3.8795,0.019826,50.44
18901,3.8998,0.020195,49.52
18902,3.9197,0.019914,50.22
18903,3.9397,0.020062,49.84
18904,3.9596,0.019893,50.27
18905,3.9798,0.020134,49.67
18906,3.9999,0.020133,49.67
18907,4.0196,0.019674,50.83
18908,4.0398,0.020210,49.48
18909,4.0598,0.020055,49.86
18910,4.0797,0.019917,50.21
18911,4.1001,0.020411,48.99
18912,4.1202,0.020075,49.81
18913,4.1399,0.019719,50.71
18914,4.1599,0.019920,50.20
18915,4.1803,0.020402,49.02
18916,4.1999,0.019624,50.96
18917,4.2200,0.020132,49.67
18918,4.2400,0.019941,50.15
18919,4.2601,0.020164,49.59
18920,4.2801,0.020009,49.98
18921,4.3001,0.019922,50.20
18922,4.3202,0.020173,49.57
18923,4.3404,0.020215,49.47
18924,4.3613,0.020838,47.99
18925,4.3805,0.019188,52.11
18926,4.4008,0.020312,49.23
18927,4.4205,0.019696,50.77
18928,4.4405,0.020047,49.88
18929,4.4603,0.019812,50.47
18930,4.4807,0.020327,49.20
18931,4.5005,0.019842,50.40
18932,4.5208,0.020247,49.39
18933,4.5411,0.020373,49.08
18934,4.5610,0.019853,50.37
18935,4.5810,0.020037,49.91
18936,4.6009,0.019918,50.21
18937,4.6216,0.020613,48.51
18938,4.6412,0.019619,50.97
18939,4.6611,0.019911,50.22
18940,4.6810,0.019942,50.15
18941,4.7012,0.020165,49.59
18942,4.7211,0.019939,50.15
18943,4.7411,0.019994,50.01
18944,4.7612,0.020055,49.86
18945,4.7812,0.020057,49.86
18946,4.8013,0.020019,49.95
18947,4.8213,0.020052,49.87
18948,4.8413,0.020021,49.95
18949,4.8614,0.020062,49.85
18950,4.8811,0.019745,50.65
18951,4.9015,0.020349,49.14
18952,4.9215,0.020037,49.91
18953,4.9413,0.019830,50.43
18954,4.9621,0.020708,48.29
18955,4.9825,0.020461,48.87
18956,5.0017,0.019202,52.08
18957,5.0217,0.020033,49.92
18958,5.0416,0.019869,50.33
18959,5.0624,0.020812,48.05
18960,5.0813,0.018846,53.06
18961,5.1013,0.020011,49.97
18962,5.1216,0.020359,49.12
18963,5.1420,0.020309,49.24
18964,5.1619,0.019947,50.13
18965,5.1819,0.020050,49.87
18966,5.2020,0.020023,49.94
18967,5.2217,0.019686,50.80
18968,5.2418,0.020120,49.70
18969,5.2621,0.020297,49.27
18970,5.2818,0.019676,50.82
18971,5.3024,0.020683,48.35
18972,5.3221,0.019709,50.74
18973,5.3421,0.019951,50.12
18974,5.3618,0.019717,50.72
18975,5.3821,0.020318,49.22
18976,5.4022,0.020058,49.86
18977,5.4222,0.019982,50.04
18978,5.4422,0.020023,49.94
18979,5.4624,0.020159,49.61
18980,5.4825,0.020128,49.68
18981,5.5023,0.019781,50.55
18982,5.5223,0.020063,49.84
18983,5.5426,0.020266,49.34
18984,5.5627,0.020080,49.80
18985,5.5824,0.019693,50.78
18986,5.6026,0.020280,49.31
18987,5.6229,0.020250,49.38
18988,5.6427,0.019807,50.49
18989,5.6627,0.019965,50.09
18990,5.6827,0.020054,49.87
18991,5.7027,0.020023,49.94
18992,5.7234,0.020690,48.33
18993,5.7431,0.019642,50.91
18994,5.7628,0.019708,50.74
18995,5.7828,0.019991,50.02
18996,5.8028,0.020019,49.95
18997,5.8229,0.020087,49.78
18998,5.8428,0.019950,50.13
18999,5.8629,0.020057,49.86
19000,5.8829,0.019978,50.06
19001,5.9031,0.020212,49.48
19002,5.9233,0.020244,49.40
19003,5.9431,0.019753,50.63
19004,5.9631,0.020014,49.97
19005,5.9833,0.020205,49.49
19006,6.0033,0.019973,50.07
19007,6.0235,0.020195,49.52
19008,6.0433,0.019828,50.43
19009,6.0633,0.020052,49.87
19010,6.0832,0.019853,50.37
19011,6.1034,0.020196,49.51
19012,6.1232,0.019857,50.36
19013,6.1435,0.020228,49.44
19014,6.1635,0.020029,49.93
19015,6.1834,0.019841,50.40
19016,6.2035,0.020183,49.55
19017,6.2233,0.019746,50.64
19018,6.2435,0.020225,49.44
19019,6.2637,0.020212,49.47
19020,6.2836,0.019864,50.34
19021,6.3035,0.019889,50.28
19022,6.3237,0.020240,49.41
19023,6.3438,0.020123,49.69
19024,6.3637,0.019841,50.40
19025,6.3846,0.020948,47.74
19026,6.4038,0.019206,52.07
19027,6.4239,0.020047,49.88
19028,6.4437,0.019867,50.33
19029,6.4638,0.020098,49.76
19030,6.4839,0.020082,49.80
19031,6.5039,0.019939,50.15
19032,6.5239,0.020075,49.81
19033,6.5442,0.020268,49.34
19034,6.5643,0.020105,49.74
19035,6.5842,0.019915,50.21
19036,6.6043,0.020039,49.90
19037,6.6243,0.020074,49.82
19038,6.6446,0.020246,49.39
19039,6.6645,0.019946,50.14
19040,6.6845,0.020023,49.94
19041,6.7044,0.019855,50.37
19042,6.7242,0.019804,50.50
19043,6.7449,0.020652,48.42
19044,6.7647,0.019885,50.29
19045,6.7848,0.020057,49.86
19046,6.8057,0.020906,47.83
19047,6.8248,0.019046,52.50
19048,6.8448,0.020003,49.99
19049,6.8647,0.019920,50.20
19050,6.8852,0.020559,48.64
19051,6.9049,0.019707,50.74
19052,6.9250,0.020084,49.79
19053,6.9447,0.019676,50.82
19054,6.9650,0.020307,49.24
19055,6.9850,0.020029,49.93
19056,7.0050,0.019955,50.11
19057,7.0250,0.019986,50.04
19058,7.0450,0.020040,49.90
19059,7.0650,0.019985,50.04
19060,7.0851,0.020044,49.89
19061,7.1052,0.020130,49.68
19062,7.1252,0.020056,49.86
19063,7.1451,0.019905,50.24
19064,7.1652,0.020021,49.95
19065,7.1852,0.019994,50.02
19066,7.2053,0.020153,49.62
19067,7.2252,0.019937,50.16
19068,7.2453,0.020061,49.85
19069,7.2654,0.020057,49.86
19070,7.2854,0.020023,49.94
19071,7.3053,0.019919,50.20
19072,7.3254,0.020057,49.86
19073,7.3463,0.020926,47.79
19074,7.3654,0.019170,52.16
19075,7.3852,0.019705,50.75
19076,7.4056,0.020399,49.02
19077,7.4256,0.020091,49.77
19078,7.4457,0.020061,49.85
19079,7.4656,0.019902,50.25
19080,7.4857,0.020037,49.91
19081,7.5056,0.019907,50.23
19082,7.5256,0.020042,49.90
19083,7.5458,0.020210,49.48
19084,7.5659,0.020072,49.82
19085,7.5857,0.019826,50.44
19086,7.6060,0.020333,49.18
19087,7.6263,0.020223,49.45
19088,7.6469,0.020615,48.51
19089,7.6660,0.019134,52.26
19090,7.6862,0.020238,49.41
19091,7.7062,0.019959,50.10
19092,7.7269,0.020689,48.33
19093,7.7461,0.019179,52.14
19094,7.7662,0.020132,49.67
19095,7.7865,0.020305,49.25
19096,7.8062,0.019660,50.87
19097,7.8260,0.019853,50.37
19098,7.8464,0.020392,49.04
19099,7.8663,0.019857,50.36
19100,7.8864,0.020161,49.60
19101,7.9063,0.019900,50.25
19102,7.9261,0.019759,50.61
19103,7.9466,0.020491,48.80
19104,7.9666,0.020056,49.86
19105,7.9869,0.020213,49.47
19106,8.0067,0.019875,50.31
19107,8.0268,0.020107,49.74
19108,8.0468,0.019948,50.13
19109,8.0670,0.020194,49.52
19110,8.0876,0.020649,48.43
19111,8.1070,0.019330,51.73
19112,8.1267,0.019761,50.60
19113,8.1477,0.020949,47.74
19114,8.1668,0.019180,52.14
19115,8.1871,0.020216,49.47
19116,8.2067,0.019609,51.00
19117,8.2269,0.020266,49.34
19118,8.2468,0.019879,50.31
19119,8.2671,0.020291,49.28
19120,8.2869,0.019831,50.43
19121,8.3070,0.020051,49.87
19122,8.3271,0.020062,49.85
19123,8.3469,0.019877,50.31
19124,8.3669,0.020014,49.96
19125,8.3875,0.020554,48.65
19126,8.4072,0.019673,50.83
19127,8.4275,0.020370,49.09
19128,8.4476,0.020066,49.84
19129,8.4675,0.019931,50.17
19130,8.4876,0.020061,49.85
19131,8.5076,0.020026,49.93
19132,8.5276,0.019953,50.12
19133,8.5476,0.020009,49.98
19134,8.5679,0.020341,49.16
19135,8.5880,0.020021,49.95
19136,8.6079,0.019924,50.19
19137,8.6279,0.020036,49.91
19138,8.6479,0.020022,49.95
19139,8.6684,0.020495,48.79
19140,8.6879,0.019505,51.27
19141,8.7082,0.020264,49.35
19142,8.7284,0.020233,49.43
19143,8.7481,0.019686,50.80
19144,8.7681,0.020001,50.00
19145,8.7881,0.019998,50.00
19146,8.8078,0.019738,50.66
19147,8.8281,0.020277,49.32
19148,8.8481,0.019931,50.17
19149,8.8682,0.020114,49.72
19150,8.8882,0.020041,49.90
19151,8.9080,0.019826,50.44
19152,8.9280,0.019969,50.08
19153,8.9482,0.020154,49.62
19154,8.9691,0.020978,47.67
19155,8.9884,0.019280,51.87
19156,9.0085,0.020038,49.90
19157,9.0284,0.019907,50.23
19158,9.0483,0.019968,50.08
19159,9.0684,0.020056,49.86
19160,9.0885,0.020119,49.70
19161,9.1084,0.019899,50.25
19162,9.1286,0.020164,49.59
19163,9.1487,0.020105,49.74
19164,9.1687,0.020045,49.89
19165,9.1888,0.020091,49.77
19166,9.2088,0.020009,49.98
19167,9.2289,0.020064,49.84
19168,9.2491,0.020267,49.34
19169,9.2690,0.019867,50.33
19170,9.2891,0.020117,49.71
19171,9.3088,0.019698,50.77
19172,9.3291,0.020240,49.41
19173,9.3491,0.020069,49.83
19174,9.3687,0.019595,51.03
19175,9.3900,0.021242,47.08
19176,9.4091,0.019132,52.27
19177,9.4291,0.020015,49.96
19178,9.4490,0.019829,50.43
19179,9.4692,0.020285,49.30
19180,9.4893,0.020074,49.81
19181,9.5093,0.020001,50.00
19182,9.5293,0.019955,50.11
19183,9.5492,0.019927,50.18
19184,9.5695,0.020315,49.23
19185,9.5896,0.020087,49.78
19186,9.6097,0.020124,49.69
19187,9.6297,0.020029,49.93
19188,9.6499,0.020148,49.63
19189,9.6697,0.019767,50.59
19190,9.6895,0.019858,50.36
19191,9.7097,0.020172,49.57
19192,9.7297,0.019980,50.05
19193,9.7498,0.020137,49.66
19194,9.7698,0.019962,50.09
19195,9.7900,0.020239,49.41
19196,9.8098,0.019834,50.42
19197,9.8298,0.019968,50.08
19198,9.8497,0.019898,50.26
19199,9.8702,0.020484,48.82
19200,9.8901,0.019874,50.32
19201,9.9102,0.020179,49.56
19202,9.9301,0.019895,50.26
19203,9.9501,0.019928,50.18
19204,9.9700,0.019875,50.31
19205,9.9903,0.020397,49.03
