TotalFrame,Time,DeltaTime,FPS
27862,0.0000,0.055166,18.13
27863,0.0000,0.055166,18.13
27864,0.0200,0.020000,50.00
27865,0.0280,0.007965,125.56
27866,0.0360,0.008023,124.64
27867,0.0845,0.048499,20.62
27868,0.1407,0.056182,17.80
27869,0.1967,0.056043,17.84
27870,0.2526,0.055897,17.89
27871,0.3094,0.056765,17.62
27872,0.3648,0.055416,18.05
27873,0.4208,0.056070,17.83
27874,0.4774,0.056511,17.70
27875,0.5329,0.055504,18.02
27876,0.5894,0.056524,17.69
27877,0.6449,0.055505,18.02
27878,0.7018,0.056896,17.58
27879,0.7574,0.055632,17.98
27880,0.8136,0.056142,17.81
27881,0.8700,0.056440,17.72
27882,0.9261,0.056134,17.81
27883,0.9822,0.056105,17.82
27884,1.0376,0.055315,18.08
27885,1.0941,0.056564,17.68
27886,1.1504,0.056307,17.76
27887,1.2061,0.055722,17.95
27888,1.2622,0.056038,17.85
27889,1.3185,0.056277,17.77
27890,1.3744,0.055962,17.87
27891,1.4303,0.055891,17.89
27892,1.4863,0.056003,17.86
27893,1.5427,0.056409,17.73
27894,1.5984,0.055663,17.97
27895,1.6542,0.055836,17.91
27896,1.7102,0.055975,17.87
27897,1.7663,0.056065,17.84
27898,1.8222,0.055946,17.87
27899,1.8783,0.056062,17.84
27900,1.9347,0.056397,17.73
27901,1.9923,0.057612,17.36
27902,2.0468,0.054459,18.36
27903,2.1027,0.055986,17.86
27904,2.1584,0.055710,17.95
27905,2.2144,0.055998,17.86
27906,2.2731,0.058649,17.05
27907,2.3269,0.053865,18.56
27908,2.3832,0.056285,17.77
27909,2.4390,0.055780,17.93
27910,2.4958,0.056762,17.62
27911,2.5509,0.055124,18.14
27912,2.6068,0.055907,17.89
27913,2.6628,0.056015,17.85
27914,2.7187,0.055841,17.91
27915,2.7755,0.056818,17.60
27916,2.8311,0.055657,17.97
27917,2.8875,0.056304,17.76
27918,2.9438,0.056375,17.74
27919,2.9991,0.055260,18.10
27920,3.0559,0.056826,17.60
27921,3.1114,0.055445,18.04
27922,3.1676,0.056227,17.79
27923,3.2237,0.056109,17.82
27924,3.2798,0.056075,17.83
27925,3.3362,0.056474,17.71
27926,3.3917,0.055476,18.03
27927,3.4478,0.056096,17.83
27928,3.5036,0.055761,17.93
27929,3.5594,0.055805,17.92
27930,3.6154,0.056092,17.83
27931,3.6716,0.056183,17.80
27932,3.7277,0.056006,17.86
27933,3.7836,0.055969,17.87
27934,3.8401,0.056474,17.71
27935,3.8962,0.056112,17.82
27936,3.9520,0.055793,17.92
27937,4.0081,0.056059,17.84
27938,4.0644,0.056360,17.74
27939,4.1199,0.055491,18.02
27940,4.1761,0.056172,17.80
27941,4.2321,0.056043,17.84
27942,4.2879,0.055768,17.93
27943,4.3444,0.056473,17.71
27944,4.4003,0.055957,17.87
27945,4.4563,0.055997,17.86
27946,4.5122,0.055908,17.89
27947,4.5688,0.056589,17.67
27948,4.6249,0.056103,17.82
27949,4.6804,0.055476,18.03
27950,4.7366,0.056206,17.79
27951,4.7923,0.055724,17.95
27952,4.8490,0.056662,17.65
27953,4.9044,0.055424,18.04
27954,4.9610,0.056573,17.68
27955,5.0165,0.055533,18.01
27956,5.0725,0.056030,17.85
27957,5.1288,0.056290,17.77
27958,5.1855,0.056710,17.63
27959,5.2410,0.055482,18.02
27960,5.2976,0.056555,17.68
27961,5.3530,0.055454,18.03
27962,5.4091,0.056122,17.82
27963,5.4656,0.056488,17.70
27964,5.5211,0.055443,18.04
27965,5.5777,0.056643,17.65
27966,5.6331,0.055368,18.06
27967,5.6895,0.056436,17.72
27968,5.7459,0.056401,17.73
27969,5.8013,0.055348,18.07
27970,5.8576,0.056357,17.74
27971,5.9135,0.055847,17.91
27972,5.9694,0.055869,17.90
27973,6.0252,0.055897,17.89
27974,6.0814,0.056156,17.81
27975,6.1375,0.056113,17.82
27976,6.1935,0.055969,17.87
27977,6.2501,0.056645,17.65
27978,6.3056,0.055491,18.02
27979,6.3618,0.056233,17.78
27980,6.4186,0.056785,17.61
27981,6.4739,0.055257,18.10
27982,6.5300,0.056088,17.83
27983,6.5864,0.056382,17.74
27984,6.6423,0.055889,17.89
27985,6.6979,0.055657,17.97
27986,6.7541,0.056152,17.81
27987,6.8105,0.056400,17.73
27988,6.8659,0.055417,18.05
27989,6.9219,0.055977,17.86
27990,6.9780,0.056096,17.83
27991,7.0339,0.055989,17.86
27992,7.0905,0.056579,17.67
27993,7.1460,0.055441,18.04
27994,7.2021,0.056180,17.80
27995,7.2585,0.056310,17.76
27996,7.3142,0.055750,17.94
27997,7.3703,0.056067,17.84
27998,7.4264,0.056101,17.83
27999,7.4823,0.055917,17.88
28000,7.5389,0.056609,17.67
28001,7.5944,0.055486,18.02
28002,7.6502,0.055813,17.92
28003,7.7068,0.056630,17.66
28004,7.7625,0.055626,17.98
28005,7.8187,0.056215,17.79
28006,7.8744,0.055754,17.94
28007,7.9307,0.056284,17.77
28008,7.9869,0.056232,17.78
28009,8.0424,0.055432,18.04
28010,8.0992,0.056850,17.59
28011,8.1543,0.055078,18.16
28012,8.2104,0.056148,17.81
28013,8.2671,0.056645,17.65
28014,8.3235,0.056411,17.73
28015,8.3788,0.055346,18.07
28016,8.4352,0.056289,17.77
28017,8.4915,0.056358,17.74
28018,8.5468,0.055342,18.07
28019,8.6034,0.056554,17.68
28020,8.6592,0.055784,17.93
28021,8.7150,0.055832,17.91
28022,8.7713,0.056320,17.76
28023,8.8272,0.055902,17.89
28024,8.8832,0.055953,17.87
28025,8.9395,0.056359,17.74
28026,8.9963,0.056768,17.62
28027,9.0521,0.055757,17.94
28028,9.1074,0.055297,18.08
28029,9.1631,0.055779,17.93
28030,9.2199,0.056752,17.62
28031,9.2765,0.056558,17.68
28032,9.3315,0.055014,18.18
28033,9.3875,0.055972,17.87
28034,9.4442,0.056729,17.63
28035,9.5027,0.058491,17.10
28036,9.5564,0.053702,18.62
28037,9.6116,0.055226,18.11
28038,9.6678,0.056251,17.78
28039,9.7239,0.056050,17.84
28040,9.7798,0.055925,17.88
28041,9.8362,0.056354,17.75
28042,9.8916,0.055432,18.04
28043,9.9484,0.056833,17.60
