TotalFrame,Time,DeltaTime,FPS
26243,0.0000,0.045008,22.22
26244,0.0000,0.045008,22.22
26245,0.0200,0.020000,50.00
26246,0.0272,0.007231,138.30
26247,0.0342,0.006964,143.60
26248,0.0776,0.043431,23.03
26249,0.1243,0.046715,21.41
26250,0.1714,0.047040,21.26
26251,0.2177,0.046304,21.60
26252,0.2649,0.047220,21.18
26253,0.3120,0.047049,21.25
26254,0.3592,0.047241,21.17
26255,0.4049,0.045736,21.86
26256,0.4518,0.046819,21.36
26257,0.4983,0.046565,21.48
26258,0.5454,0.047145,21.21
26259,0.5918,0.046345,21.58
26260,0.6384,0.046586,21.47
26261,0.6852,0.046781,21.38
26262,0.7321,0.046919,21.31
26263,0.7801,0.048018,20.83
26264,0.8269,0.046776,21.38
26265,0.8747,0.047843,20.90
26266,0.9208,0.046089,21.70
26267,0.9668,0.045955,21.76
26268,1.0136,0.046790,21.37
26269,1.0604,0.046825,21.36
26270,1.1073,0.046875,21.33
26271,1.1540,0.046750,21.39
26272,1.2013,0.047331,21.13
26273,1.2477,0.046347,21.58
26274,1.2950,0.047334,21.13
26275,1.3411,0.046102,21.69
26276,1.3878,0.046691,21.42
26277,1.4344,0.046643,21.44
26278,1.4810,0.046505,21.50
26279,1.5279,0.046913,21.32
26280,1.5744,0.046567,21.47
26281,1.6215,0.047040,21.26
26282,1.6679,0.046464,21.52
26283,1.7145,0.046576,21.47
26284,1.7616,0.047067,21.25
26285,1.8082,0.046602,21.46
26286,1.8552,0.046983,21.28
26287,1.9022,0.047035,21.26
26288,1.9492,0.046985,21.28
26289,1.9953,0.046115,21.69
26290,2.0421,0.046751,21.39
26291,2.0892,0.047106,21.23
26292,2.1357,0.046522,21.50
26293,2.1823,0.046584,21.47
26294,2.2290,0.046723,21.40
26295,2.2756,0.046644,21.44
26296,2.3223,0.046636,21.44
26297,2.3690,0.046696,21.42
26298,2.4161,0.047107,21.23
26299,2.4627,0.046644,21.44
26300,2.5092,0.046481,21.51
26301,2.5559,0.046750,21.39
26302,2.6029,0.047000,21.28
26303,2.6494,0.046420,21.54
26304,2.6966,0.047264,21.16
26305,2.7432,0.046528,21.49
26306,2.7902,0.047062,21.25
26307,2.8369,0.046687,21.42
26308,2.8836,0.046735,21.40
26309,2.9305,0.046881,21.33
26310,2.9772,0.046653,21.44
26311,3.0238,0.046637,21.44
26312,3.0705,0.046652,21.44
26313,3.1172,0.046736,21.40
26314,3.1642,0.047047,21.26
26315,3.2107,0.046433,21.54
26316,3.2575,0.046870,21.34
26317,3.3040,0.046471,21.52
26318,3.3511,0.047130,21.22
26319,3.3974,0.046277,21.61
26320,3.4450,0.047589,21.01
26321,3.4911,0.046030,21.72
26322,3.5388,0.047763,20.94
26323,3.5851,0.046297,21.60
26324,3.6316,0.046451,21.53
26325,3.6783,0.046753,21.39
26326,3.7263,0.047951,20.85
26327,3.7726,0.046325,21.59
26328,3.8184,0.045842,21.81
26329,3.8654,0.047029,21.26
26330,3.9125,0.047061,21.25
26331,3.9587,0.046210,21.64
26332,4.0060,0.047328,21.13
26333,4.0527,0.046673,21.43
26334,4.0994,0.046633,21.44
26335,4.1456,0.046231,21.63
26336,4.1924,0.046775,21.38
26337,4.2390,0.046633,21.44
26338,4.2859,0.046858,21.34
26339,4.3349,0.049034,20.39
26340,4.3795,0.044612,22.42
26341,4.4261,0.046589,21.46
26342,4.4727,0.046634,21.44
26343,4.5212,0.048499,20.62
26344,4.5667,0.045517,21.97
26345,4.6131,0.046388,21.56
26346,4.6599,0.046779,21.38
26347,4.7064,0.046510,21.50
26348,4.7532,0.046752,21.39
26349,4.8001,0.046938,21.30
26350,4.8468,0.046738,21.40
26351,4.8936,0.046779,21.38
26352,4.9405,0.046850,21.34
26353,4.9871,0.046595,21.46
26354,5.0338,0.046706,21.41
26355,5.0810,0.047224,21.18
26356,5.1278,0.046821,21.36
26357,5.1744,0.046602,21.46
26358,5.2211,0.046715,21.41
26359,5.2677,0.046573,21.47
26360,5.3145,0.046770,21.38
26361,5.3619,0.047389,21.10
26362,5.4083,0.046394,21.55
26363,5.4551,0.046853,21.34
26364,5.5019,0.046735,21.40
26365,5.5483,0.046428,21.54
26366,5.5949,0.046649,21.44
26367,5.6420,0.047105,21.23
26368,5.6887,0.046670,21.43
26369,5.7355,0.046795,21.37
26370,5.7821,0.046598,21.46
26371,5.8289,0.046844,21.35
26372,5.8758,0.046873,21.33
26373,5.9225,0.046655,21.43
26374,5.9694,0.046904,21.32
26375,6.0160,0.046658,21.43
26376,6.0628,0.046747,21.39
26377,6.1094,0.046611,21.45
26378,6.1561,0.046753,21.39
26379,6.2028,0.046664,21.43
26380,6.2498,0.046973,21.29
26381,6.2965,0.046705,21.41
26382,6.3433,0.046804,21.37
26383,6.3901,0.046840,21.35
26384,6.4363,0.046201,21.64
26385,6.4830,0.046656,21.43
26386,6.5298,0.046841,21.35
26387,6.5766,0.046780,21.38
26388,6.6233,0.046669,21.43
26389,6.6701,0.046809,21.36
26390,6.7166,0.046575,21.47
26391,6.7639,0.047220,21.18
26392,6.8103,0.046440,21.53
26393,6.8574,0.047061,21.25
26394,6.9042,0.046796,21.37
26395,6.9509,0.046687,21.42
26396,6.9979,0.047011,21.27
26397,7.0444,0.046497,21.51
26398,7.0908,0.046440,21.53
26399,7.1377,0.046905,21.32
26400,7.1846,0.046872,21.33
26401,7.2312,0.046606,21.46
26402,7.2780,0.046772,21.38
26403,7.3245,0.046577,21.47
26404,7.3714,0.046828,21.35
26405,7.4180,0.046624,21.45
26406,7.4647,0.046747,21.39
26407,7.5117,0.047012,21.27
26408,7.5581,0.046392,21.56
26409,7.6052,0.047074,21.24
26410,7.6525,0.047328,21.13
26411,7.6989,0.046323,21.59
26412,7.7453,0.046469,21.52
26413,7.7918,0.046508,21.50
26414,7.8387,0.046880,21.33
26415,7.8856,0.046831,21.35
26416,7.9325,0.046980,21.29
26417,7.9793,0.046752,21.39
26418,8.0264,0.047085,21.24
26419,8.0725,0.046142,21.67
26420,8.1193,0.046811,21.36
26421,8.1662,0.046853,21.34
26422,8.2127,0.046528,21.49
26423,8.2595,0.046777,21.38
26424,8.3060,0.046496,21.51
26425,8.3536,0.047635,20.99
26426,8.4001,0.046451,21.53
26427,8.4469,0.046858,21.34
26428,8.4933,0.046337,21.58
26429,8.5403,0.047067,21.25
26430,8.5869,0.046591,21.46
26431,8.6335,0.046556,21.48
26432,8.6806,0.047145,21.21
26433,8.7265,0.045894,21.79
26434,8.7737,0.047212,21.18
26435,8.8204,0.046659,21.43
26436,8.8673,0.046954,21.30
26437,8.9145,0.047147,21.21
26438,8.9609,0.046442,21.53
26439,9.0076,0.046717,21.41
26440,9.0542,0.046543,21.49
26441,9.1009,0.046687,21.42
26442,9.1480,0.047108,21.23
26443,9.1951,0.047102,21.23
26444,9.2414,0.046319,21.59
26445,9.2880,0.046616,21.45
26446,9.3349,0.046876,21.33
26447,9.3824,0.047519,21.04
26448,9.4284,0.046023,21.73
26449,9.4750,0.046540,21.49
26450,9.5215,0.046569,21.47
26451,9.5685,0.046919,21.31
26452,9.6151,0.046590,21.46
26453,9.6617,0.046698,21.41
26454,9.7087,0.046931,21.31
26455,9.7552,0.046528,21.49
26456,9.8023,0.047127,21.22
26457,9.8492,0.046853,21.34
26458,9.8953,0.046087,21.70
26459,9.9424,0.047083,21.24
26460,9.9893,0.046936,21.31
